4219
198 6 199 11
198 0 199 5
197 0 197 11
193 9 196 11
193 6 196 8
193 3 196 5
193 0 196 2
192 0 192 11
191 0 191 11
190 0 190 11
189 0 189 11
188 0 188 11
187 0 187 11
186 0 186 11
185 0 185 11
183 6 184 11
183 0 184 5
182 0 182 11
181 0 181 11
180 0 180 11
179 0 179 11
178 0 178 11
177 0 177 11
176 0 176 11
175 0 175 11
174 0 174 11
173 0 173 11
172 0 172 11
171 0 171 11
170 0 170 11
169 0 169 11
168 0 168 11
166 6 167 11
166 0 167 5
165 0 165 11
161 9 164 11
161 6 164 8
161 3 164 5
161 0 164 2
155 10 160 11
155 8 160 9
155 6 160 7
155 4 160 5
155 2 160 3
155 0 160 1
154 0 154 11
153 0 153 11
152 0 152 11
151 0 151 11
149 6 150 11
149 0 150 5
148 0 148 11
147 0 147 11
146 0 146 11
145 0 145 11
144 0 144 11
143 0 143 11
142 0 142 11
141 0 141 11
140 0 140 11
139 0 139 11
138 0 138 11
137 0 137 11
136 0 136 11
135 0 135 11
133 8 134 11
133 4 134 7
133 0 134 3
132 0 132 11
131 0 131 11
130 0 130 11
128 6 129 11
128 0 129 5
127 0 127 11
125 6 126 11
125 0 126 5
124 0 124 11
112 11 123 11
112 10 123 10
112 9 123 9
112 8 123 8
112 7 123 7
112 6 123 6
112 5 123 5
112 4 123 4
112 3 123 3
112 2 123 2
112 1 123 1
112 0 123 0
110 6 111 11
110 0 111 5
109 0 109 11
108 0 108 11
107 0 107 11
106 0 106 11
105 0 105 11
103 6 104 11
103 0 104 5
102 0 102 11
101 0 101 11
100 0 100 11
99 0 99 11
88 11 98 11
88 10 98 10
88 9 98 9
88 8 98 8
88 7 98 7
88 6 98 6
88 5 98 5
88 4 98 4
88 3 98 3
88 2 98 2
88 1 98 1
88 0 98 0
87 0 87 11
86 0 86 11
84 6 85 11
84 0 85 5
83 0 83 11
82 0 82 11
81 0 81 11
80 0 80 11
79 0 79 11
78 0 78 11
77 0 77 11
76 0 76 11
75 0 75 11
74 0 74 11
73 0 73 11
72 0 72 11
71 0 71 11
70 0 70 11
69 0 69 11
68 0 68 11
67 0 67 11
66 0 66 11
65 0 65 11
64 0 64 11
62 6 63 11
62 0 63 5
61 0 61 11
58 8 60 11
58 4 60 7
58 0 60 3
57 0 57 11
56 0 56 11
55 0 55 11
54 0 54 11
53 0 53 11
52 0 52 11
51 0 51 11
50 0 50 11
49 0 49 11
46 8 48 11
46 4 48 7
46 0 48 3
45 0 45 11
44 0 44 11
43 0 43 11
42 0 42 11
41 0 41 11
39 6 40 11
39 0 40 5
38 0 38 11
37 0 37 11
36 0 36 11
35 0 35 11
33 6 34 11
33 0 34 5
32 0 32 11
31 0 31 11
30 0 30 11
29 0 29 11
28 0 28 11
27 0 27 11
26 0 26 11
25 0 25 11
24 0 24 11
23 0 23 11
22 0 22 11
21 0 21 11
20 0 20 11
19 0 19 11
18 0 18 11
17 0 17 11
16 0 16 11
15 0 15 11
14 0 14 11
13 0 13 11
12 0 12 11
11 0 11 11
10 0 10 11
6 9 9 11
6 6 9 8
6 3 9 5
6 0 9 2
5 0 5 11
4 0 4 11
3 0 3 11
0 8 2 11
0 4 2 7
0 0 2 3
199 12 199 23
193 22 198 23
193 20 198 21
193 18 198 19
193 16 198 17
193 14 198 15
193 12 198 13
192 12 192 23
190 18 191 23
190 12 191 17
189 12 189 23
188 12 188 23
187 12 187 23
186 12 186 23
185 12 185 23
184 12 184 23
183 12 183 23
182 12 182 23
181 12 181 23
180 12 180 23
179 12 179 23
178 12 178 23
176 18 177 23
176 12 177 17
175 12 175 23
174 12 174 23
173 12 173 23
172 12 172 23
171 12 171 23
170 12 170 23
169 12 169 23
168 12 168 23
167 12 167 23
166 12 166 23
165 12 165 23
164 12 164 23
163 12 163 23
162 12 162 23
161 12 161 23
159 18 160 23
159 12 160 17
158 12 158 23
157 12 157 23
156 12 156 23
155 12 155 23
153 18 154 23
153 12 154 17
152 12 152 23
150 18 151 23
150 12 151 17
148 18 149 23
148 12 149 17
146 18 147 23
146 12 147 17
144 18 145 23
144 12 145 17
143 12 143 23
142 12 142 23
141 12 141 23
140 12 140 23
139 12 139 23
138 12 138 23
137 12 137 23
131 22 136 23
131 20 136 21
131 18 136 19
131 16 136 17
131 14 136 15
131 12 136 13
127 21 130 23
127 18 130 20
127 15 130 17
127 12 130 14
126 12 126 23
125 12 125 23
123 17 124 22
123 12 124 16
122 12 122 23
121 12 121 23
120 12 120 23
119 12 119 23
118 12 118 23
116 18 117 23
116 12 117 17
115 12 115 23
114 12 114 23
112 18 113 23
112 12 113 17
111 12 111 23
110 12 110 23
109 12 109 23
108 12 108 23
107 12 107 23
106 12 106 23
105 12 105 23
104 12 104 23
103 12 103 23
102 12 102 23
101 12 101 23
100 12 100 23
99 12 99 23
98 12 98 23
97 12 97 23
96 12 96 23
95 12 95 23
94 12 94 23
93 12 93 23
92 12 92 23
91 12 91 23
89 18 90 23
87 18 88 23
87 12 88 17
86 12 86 23
85 12 85 23
84 12 84 23
83 12 83 23
82 12 82 23
81 12 81 23
80 12 80 23
79 12 79 23
78 12 78 23
77 12 77 23
76 12 76 23
75 12 75 23
74 12 74 23
73 12 73 23
72 12 72 23
71 12 71 23
70 12 70 23
69 12 69 23
68 12 68 23
67 12 67 23
61 22 66 23
61 20 66 21
61 18 66 19
61 16 66 17
61 14 66 15
61 12 66 13
60 12 60 23
59 12 59 23
58 12 58 23
55 20 57 23
55 17 57 19
55 13 57 16
54 12 54 23
53 12 53 23
52 12 52 23
51 12 51 23
50 12 50 23
49 12 49 23
48 12 48 23
47 12 47 23
46 12 46 23
45 12 45 23
44 12 44 23
43 12 43 23
41 18 42 23
41 12 42 17
40 12 40 23
39 12 39 23
38 12 38 23
37 12 37 23
36 12 36 23
35 12 35 23
33 18 34 23
33 12 34 17
32 12 32 23
31 12 31 23
30 12 30 23
29 12 29 23
28 12 28 23
27 12 27 23
26 12 26 23
25 12 25 23
24 12 24 23
23 12 23 23
22 12 22 23
21 12 21 23
20 12 20 23
19 12 19 23
18 12 18 23
17 12 17 23
16 12 16 23
15 12 15 23
14 12 14 23
13 12 13 23
12 12 12 23
11 12 11 23
10 12 10 23
9 12 9 23
8 12 8 23
7 12 7 23
6 12 6 23
5 12 5 23
4 12 4 23
3 12 3 23
2 12 2 23
1 12 1 23
0 12 0 23
199 24 199 35
198 24 198 35
195 32 197 35
195 28 197 31
195 24 197 27
194 24 194 35
193 24 193 35
192 24 192 35
191 24 191 35
189 30 190 35
189 24 190 29
188 24 188 35
187 24 187 35
186 24 186 35
185 24 185 35
184 24 184 35
183 24 183 35
182 24 182 35
181 24 181 35
180 24 180 35
179 24 179 35
178 24 178 35
176 30 177 35
176 24 177 29
175 24 175 35
174 24 174 35
173 24 173 35
172 24 172 35
171 24 171 35
170 24 170 35
169 24 169 35
168 24 168 35
167 24 167 35
166 24 166 35
165 24 165 35
164 24 164 35
162 30 163 35
162 24 163 29
161 24 161 35
160 24 160 35
159 24 159 35
158 24 158 35
157 24 157 35
156 24 156 35
155 24 155 35
153 30 154 35
153 24 154 29
152 24 152 35
151 24 151 35
150 24 150 35
149 24 149 35
148 24 148 35
147 24 147 35
146 24 146 35
145 24 145 35
144 24 144 35
143 24 143 35
142 24 142 35
141 24 141 35
138 32 140 35
138 28 140 31
138 24 140 27
137 24 137 35
136 24 136 35
135 24 135 35
134 24 134 35
133 24 133 35
132 24 132 35
131 24 131 35
130 24 130 35
129 24 129 35
128 24 128 35
127 24 127 35
126 24 126 35
125 24 125 35
124 24 124 35
123 24 123 35
111 35 122 35
111 34 122 34
111 33 122 33
111 32 122 32
111 31 122 31
111 30 122 30
111 29 122 29
111 28 122 28
111 27 122 27
111 26 122 26
111 25 122 25
111 24 122 24
110 24 110 35
109 24 109 35
106 32 108 35
106 28 108 31
106 24 108 27
105 24 105 35
104 24 104 35
103 24 103 35
101 30 102 35
101 24 102 29
100 24 100 35
99 24 99 35
98 24 98 35
97 24 97 35
96 24 96 35
95 24 95 35
93 30 94 35
93 24 94 29
92 24 92 35
91 24 91 35
90 24 90 35
89 24 89 35
87 30 88 35
87 24 88 29
86 24 86 35
85 24 85 35
83 30 84 35
83 24 84 29
82 24 82 35
81 24 81 35
80 24 80 35
79 24 79 35
78 24 78 35
77 24 77 35
76 24 76 35
75 24 75 35
74 24 74 35
73 24 73 35
72 24 72 35
71 24 71 35
70 24 70 35
69 24 69 35
68 24 68 35
67 24 67 35
66 24 66 35
63 32 65 35
63 28 65 31
63 24 65 27
61 30 62 35
61 24 62 29
60 24 60 35
59 24 59 35
58 24 58 35
57 24 57 35
55 30 56 35
55 24 56 29
54 24 54 35
53 24 53 35
52 24 52 35
51 24 51 35
50 24 50 35
49 24 49 35
48 24 48 35
47 24 47 35
46 24 46 35
45 24 45 35
44 24 44 35
43 24 43 35
42 24 42 35
41 24 41 35
40 24 40 35
39 24 39 35
38 24 38 35
37 24 37 35
36 24 36 35
35 24 35 35
33 30 34 35
33 24 34 29
31 30 32 35
31 24 32 29
27 33 30 35
27 30 30 32
27 28 30 29
27 26 30 27
27 24 30 25
26 24 26 35
25 24 25 35
24 24 24 35
23 24 23 35
22 24 22 35
21 24 21 35
20 24 20 35
19 24 19 35
18 24 18 35
17 24 17 35
16 24 16 35
15 24 15 35
14 24 14 35
13 24 13 35
12 24 12 35
11 24 11 35
10 24 10 35
9 24 9 35
8 24 8 35
7 24 7 35
6 24 6 35
5 24 5 35
4 24 4 35
3 24 3 35
2 24 2 35
1 24 1 35
0 24 0 35
199 36 199 47
197 42 198 47
197 36 198 41
196 36 196 47
195 36 195 47
192 44 194 47
192 40 194 43
192 36 194 39
191 36 191 47
190 36 190 47
189 36 189 47
188 36 188 47
187 36 187 47
185 42 186 47
185 36 186 41
184 36 184 47
183 36 183 47
182 36 182 47
181 36 181 47
180 36 180 47
179 36 179 47
178 36 178 47
177 36 177 47
176 36 176 47
175 36 175 47
174 36 174 47
173 36 173 47
172 36 172 47
171 36 171 47
169 42 170 47
169 36 170 41
168 36 168 47
167 36 167 47
165 42 166 47
165 36 166 41
164 36 164 47
163 36 163 47
162 36 162 47
161 36 161 47
160 36 160 47
159 36 159 47
158 36 158 47
157 36 157 47
156 36 156 47
155 36 155 47
154 36 154 47
153 36 153 47
151 42 152 47
151 36 152 41
150 36 150 47
144 46 149 47
144 44 149 45
144 42 149 43
144 40 149 41
144 38 149 39
144 36 149 37
143 36 143 47
142 36 142 47
141 36 141 47
140 36 140 47
139 36 139 47
138 36 138 47
137 36 137 47
125 47 136 47
125 46 136 46
125 45 136 45
125 44 136 44
125 43 136 43
125 42 136 42
125 41 136 41
125 40 136 40
125 39 136 39
125 38 136 38
125 37 136 37
125 36 136 36
124 36 124 47
123 36 123 47
122 36 122 47
121 36 121 47
120 36 120 47
119 36 119 47
115 45 118 47
115 42 118 44
115 39 118 41
115 36 118 38
114 36 114 47
108 46 113 47
108 44 113 45
108 42 113 43
108 40 113 41
108 38 113 39
108 36 113 37
107 36 107 47
106 36 106 47
105 36 105 47
104 36 104 47
103 36 103 47
102 36 102 47
101 36 101 47
100 36 100 47
99 36 99 47
98 36 98 47
97 36 97 47
95 42 96 47
95 36 96 41
94 36 94 47
93 36 93 47
92 36 92 47
91 36 91 47
90 36 90 47
89 36 89 47
88 36 88 47
87 36 87 47
86 36 86 47
85 36 85 47
84 36 84 47
83 36 83 47
82 36 82 47
81 36 81 47
80 36 80 47
79 36 79 47
78 36 78 47
77 36 77 47
76 36 76 47
74 42 75 47
74 36 75 41
72 42 73 47
72 36 73 41
71 36 71 47
70 36 70 47
69 36 69 47
67 42 68 47
67 36 68 41
66 36 66 47
65 36 65 47
64 36 64 47
63 36 63 47
62 36 62 47
61 36 61 47
60 36 60 47
59 36 59 47
58 36 58 47
57 36 57 47
56 36 56 47
55 36 55 47
54 36 54 47
53 36 53 47
51 42 52 47
51 36 52 41
50 36 50 47
48 42 49 47
48 36 49 41
47 36 47 47
46 36 46 47
45 36 45 47
44 36 44 47
42 42 43 47
42 36 43 41
41 36 41 47
40 36 40 47
39 36 39 47
38 36 38 47
37 36 37 47
36 36 36 47
35 36 35 47
34 36 34 47
33 36 33 47
32 36 32 47
31 36 31 47
30 36 30 47
29 36 29 47
28 36 28 47
27 36 27 47
26 36 26 47
25 36 25 47
24 36 24 47
23 36 23 47
22 36 22 47
21 36 21 47
17 45 20 47
17 42 20 44
17 39 20 41
17 36 20 38
16 36 16 47
15 36 15 47
14 36 14 47
13 36 13 47
7 46 12 47
7 44 12 45
7 42 12 43
7 40 12 41
7 38 12 39
7 36 12 37
6 36 6 47
5 36 5 47
4 36 4 47
3 36 3 47
2 36 2 47
1 36 1 47
0 36 0 47
199 48 199 59
197 54 198 59
197 48 198 53
196 48 196 59
195 48 195 59
194 48 194 59
193 48 193 59
192 48 192 59
191 48 191 59
190 48 190 59
189 48 189 59
188 48 188 59
187 48 187 59
186 48 186 59
185 48 185 59
184 48 184 59
180 57 183 59
180 54 183 56
180 51 183 53
180 48 183 50
179 48 179 59
178 48 178 59
177 48 177 59
176 48 176 59
175 48 175 59
174 48 174 59
173 48 173 59
172 48 172 59
171 48 171 59
170 48 170 59
168 54 169 59
168 48 169 53
167 48 167 59
166 48 166 59
165 48 165 59
164 48 164 59
162 54 163 59
162 48 163 53
161 48 161 59
160 48 160 59
159 48 159 59
158 48 158 59
157 48 157 59
156 48 156 59
155 48 155 59
154 48 154 59
153 48 153 59
152 48 152 59
151 48 151 59
150 48 150 59
149 48 149 59
148 48 148 59
146 54 147 59
146 48 147 53
145 48 145 59
133 59 144 59
133 58 144 58
133 57 144 57
133 56 144 56
133 55 144 55
133 54 144 54
133 53 144 53
133 52 144 52
133 51 144 51
133 50 144 50
133 49 144 49
133 48 144 48
132 48 132 59
131 48 131 59
130 48 130 59
129 48 129 59
128 48 128 59
127 48 127 59
125 54 126 59
125 48 126 53
124 48 124 59
123 48 123 59
121 54 122 59
121 48 122 53
120 48 120 59
119 48 119 59
118 48 118 59
117 48 117 59
116 48 116 59
115 48 115 59
114 48 114 59
113 48 113 59
112 48 112 59
111 48 111 59
110 48 110 59
109 48 109 59
108 48 108 59
107 48 107 59
106 48 106 59
105 48 105 59
104 48 104 59
103 48 103 59
102 48 102 59
101 48 101 59
100 48 100 59
99 48 99 59
98 48 98 59
97 48 97 59
96 48 96 59
95 48 95 59
94 48 94 59
93 48 93 59
92 48 92 59
91 48 91 59
90 48 90 59
88 54 89 59
88 48 89 53
87 48 87 59
86 48 86 59
85 48 85 59
84 48 84 59
83 48 83 59
82 48 82 59
81 48 81 59
80 48 80 59
79 48 79 59
78 48 78 59
77 48 77 59
73 58 76 59
73 56 76 57
73 54 76 55
73 51 76 53
73 48 76 50
72 48 72 59
71 48 71 59
70 48 70 59
69 48 69 59
68 48 68 59
67 48 67 59
64 56 66 59
64 52 66 55
64 48 66 51
63 48 63 59
62 48 62 59
61 48 61 59
60 48 60 59
59 48 59 59
58 48 58 59
57 48 57 59
56 48 56 59
55 48 55 59
53 54 54 59
53 48 54 53
52 48 52 59
51 48 51 59
50 48 50 59
48 54 49 59
48 48 49 53
47 48 47 59
44 56 46 59
44 52 46 55
44 48 46 51
43 48 43 59
42 48 42 59
41 48 41 59
40 48 40 59
39 48 39 59
38 48 38 59
36 54 37 59
36 48 37 53
35 48 35 59
34 48 34 59
33 48 33 59
32 48 32 59
29 56 31 59
29 52 31 55
29 48 31 51
28 48 28 59
22 58 27 59
22 56 27 57
22 54 27 55
22 52 27 53
22 50 27 51
22 48 27 49
21 48 21 59
20 48 20 59
19 48 19 59
18 48 18 59
17 48 17 59
16 48 16 59
15 48 15 59
14 48 14 59
13 48 13 59
7 58 12 59
7 56 12 57
7 54 12 55
7 52 12 53
7 50 12 51
7 48 12 49
6 48 6 59
5 48 5 59
4 48 4 59
3 48 3 59
2 48 2 59
1 48 1 59
0 48 0 59
199 60 199 71
198 60 198 71
197 60 197 71
196 60 196 71
195 60 195 71
194 60 194 71
193 60 193 71
192 60 192 71
191 60 191 71
190 60 190 71
189 60 189 71
188 60 188 71
187 60 187 71
186 60 186 71
185 60 185 71
184 60 184 71
183 60 183 71
182 60 182 71
181 60 181 71
180 60 180 71
179 60 179 71
178 60 178 71
177 60 177 71
176 60 176 71
175 60 175 71
174 60 174 71
173 60 173 71
172 60 172 71
171 60 171 71
170 60 170 71
169 60 169 71
166 68 168 71
166 64 168 67
166 60 168 63
165 60 165 71
163 66 164 71
163 60 164 65
157 70 162 71
157 68 162 69
157 66 162 67
157 64 162 65
157 62 162 63
157 60 162 61
156 60 156 71
155 60 155 71
153 66 154 71
153 60 154 65
152 60 152 71
151 60 151 71
150 60 150 71
149 60 149 71
148 60 148 71
147 60 147 71
146 60 146 71
145 60 145 71
144 60 144 71
142 66 143 71
142 60 143 65
141 60 141 71
140 60 140 71
138 66 139 71
138 60 139 65
137 60 137 71
136 60 136 71
135 60 135 71
134 60 134 71
133 60 133 71
132 60 132 71
131 60 131 71
130 60 130 71
129 60 129 71
128 60 128 71
127 60 127 71
126 60 126 71
122 69 125 71
122 66 125 68
122 63 125 65
122 60 125 62
121 60 121 71
120 60 120 71
119 60 119 71
118 60 118 71
117 60 117 71
116 60 116 71
115 60 115 71
114 60 114 71
113 60 113 71
112 60 112 71
110 66 111 71
110 60 111 65
109 60 109 71
108 60 108 71
107 60 107 71
104 68 106 71
104 64 106 67
104 60 106 63
103 60 103 71
101 65 102 70
101 60 102 64
100 60 100 71
99 60 99 71
98 60 98 71
97 60 97 71
95 66 96 71
95 60 96 65
94 60 94 71
93 60 93 71
92 60 92 71
91 60 91 71
90 60 90 71
89 60 89 71
88 60 88 71
87 60 87 71
84 68 86 71
84 64 86 67
84 60 86 63
83 60 83 71
82 60 82 71
80 66 81 71
80 60 81 65
79 60 79 71
78 60 78 71
77 60 77 71
73 69 76 71
73 66 76 68
73 63 76 65
73 60 76 62
72 60 72 71
71 60 71 71
70 60 70 71
69 60 69 71
68 60 68 71
67 60 67 71
64 68 66 71
64 64 66 67
64 60 66 63
63 60 63 71
62 60 62 71
61 60 61 71
60 60 60 71
59 60 59 71
58 60 58 71
57 60 57 71
56 60 56 71
44 71 55 71
44 70 55 70
44 69 55 69
44 68 55 68
44 67 55 67
44 66 55 66
44 65 55 65
44 64 55 64
44 63 55 63
44 62 55 62
44 61 55 61
44 60 55 60
42 66 43 71
42 60 43 65
41 60 41 71
40 60 40 71
39 60 39 71
38 60 38 71
37 60 37 71
36 60 36 71
35 60 35 71
34 60 34 71
32 66 33 71
32 60 33 65
31 60 31 71
30 60 30 71
29 60 29 71
28 60 28 71
27 60 27 71
26 60 26 71
25 60 25 71
24 60 24 71
23 60 23 71
22 60 22 71
21 60 21 71
20 60 20 71
19 60 19 71
18 60 18 71
17 60 17 71
16 60 16 71
15 60 15 71
14 60 14 71
13 60 13 71
12 60 12 71
11 60 11 71
10 60 10 71
8 66 9 71
8 60 9 65
7 60 7 71
4 68 6 71
4 64 6 67
4 60 6 63
3 60 3 71
2 60 2 71
1 60 1 71
0 60 0 71
194 82 199 83
194 80 199 81
194 78 199 79
194 76 199 77
194 74 199 75
194 72 199 73
193 72 193 83
192 72 192 83
191 72 191 83
190 72 190 83
189 72 189 83
188 72 188 83
187 72 187 83
186 72 186 83
185 72 185 83
183 78 184 83
183 72 184 77
182 72 182 83
181 72 181 83
180 72 180 83
179 72 179 83
178 72 178 83
177 72 177 83
176 72 176 83
175 72 175 83
174 72 174 83
173 72 173 83
172 72 172 83
171 72 171 83
170 72 170 83
169 72 169 83
168 72 168 83
167 72 167 83
165 78 166 83
165 72 166 77
164 72 164 83
162 78 163 83
162 72 163 77
159 80 161 83
159 76 161 79
159 72 161 75
158 72 158 83
155 80 157 83
155 76 157 79
155 72 157 75
154 72 154 83
152 78 153 83
152 72 153 77
151 72 151 83
150 72 150 83
149 72 149 83
146 80 148 83
146 76 148 79
146 72 148 75
145 72 145 83
144 72 144 83
143 72 143 83
142 72 142 83
141 72 141 83
140 72 140 83
137 80 139 83
137 76 139 79
137 72 139 75
136 72 136 83
135 72 135 83
134 72 134 83
128 82 133 83
128 80 133 81
128 78 133 79
128 76 133 77
128 74 133 75
128 72 133 73
127 72 127 83
126 72 126 83
125 72 125 83
123 78 124 83
123 72 124 77
122 72 122 83
121 72 121 83
120 72 120 83
119 72 119 83
118 72 118 83
117 72 117 83
116 72 116 83
114 78 115 83
114 72 115 77
113 72 113 83
112 72 112 83
111 72 111 83
110 72 110 83
109 72 109 83
108 72 108 83
107 72 107 83
106 72 106 83
104 78 105 83
104 72 105 77
103 72 103 83
102 72 102 83
101 72 101 83
100 72 100 83
98 78 99 83
98 72 99 77
97 72 97 83
96 72 96 83
95 72 95 83
94 72 94 83
92 78 93 83
92 72 93 77
91 72 91 83
90 72 90 83
89 72 89 83
88 72 88 83
87 72 87 83
86 72 86 83
85 72 85 83
84 72 84 83
83 72 83 83
82 72 82 83
80 78 81 83
80 72 81 77
77 80 79 83
77 76 79 79
77 72 79 75
76 72 76 83
75 72 75 83
74 72 74 83
73 72 73 83
72 72 72 83
71 72 71 83
70 72 70 83
69 72 69 83
68 72 68 83
67 72 67 83
66 72 66 83
65 72 65 83
62 80 64 83
62 76 64 79
62 72 64 75
61 72 61 83
60 72 60 83
59 72 59 83
58 72 58 83
57 72 57 83
56 72 56 83
54 78 55 83
54 72 55 77
53 72 53 83
52 72 52 83
51 72 51 83
50 72 50 83
49 72 49 83
48 72 48 83
47 72 47 83
46 72 46 83
45 72 45 83
44 72 44 83
43 72 43 83
42 72 42 83
41 72 41 83
40 72 40 83
38 78 39 83
38 72 39 77
37 72 37 83
36 72 36 83
35 72 35 83
34 72 34 83
33 72 33 83
31 78 32 83
31 72 32 77
30 72 30 83
29 72 29 83
28 72 28 83
25 80 27 83
25 76 27 79
25 72 27 75
24 72 24 83
23 72 23 83
22 72 22 83
21 72 21 83
20 72 20 83
19 72 19 83
18 72 18 83
17 72 17 83
16 72 16 83
15 72 15 83
14 72 14 83
13 72 13 83
12 72 12 83
11 72 11 83
10 72 10 83
9 72 9 83
8 72 8 83
7 72 7 83
6 72 6 83
5 72 5 83
4 72 4 83
3 72 3 83
2 72 2 83
1 72 1 83
0 72 0 83
199 84 199 94
198 84 198 94
186 94 197 94
186 93 197 93
186 92 197 92
186 91 197 91
186 90 197 90
186 89 197 89
186 88 197 88
186 87 197 87
186 86 197 86
186 85 197 85
186 84 197 84
185 84 185 94
184 84 184 94
182 90 183 94
182 84 183 89
181 84 181 94
180 84 180 94
179 84 179 94
178 84 178 94
177 84 177 94
176 84 176 94
172 93 175 94
172 90 175 92
172 87 175 89
172 84 175 86
169 92 171 94
169 88 171 91
169 84 171 87
168 84 168 94
167 84 167 94
166 84 166 94
164 90 165 94
164 84 165 89
163 84 163 94
161 90 162 94
161 84 162 89
160 84 160 94
148 94 159 94
148 93 159 93
148 92 159 92
148 91 159 91
148 90 159 90
148 89 159 89
148 88 159 88
148 87 159 87
148 86 159 86
148 85 159 85
148 84 159 84
147 84 147 94
146 84 146 94
145 84 145 94
141 92 144 94
141 90 144 91
141 87 144 89
141 84 144 86
139 89 140 94
139 84 140 88
138 84 138 94
134 92 137 94
134 89 137 91
134 87 137 88
134 84 137 86
132 90 133 94
132 84 133 89
131 84 131 94
130 84 130 94
129 84 129 94
128 84 128 94
125 91 127 94
125 88 127 90
125 84 127 87
124 84 124 94
123 84 123 94
122 84 122 94
121 84 121 94
120 84 120 94
119 84 119 94
117 90 118 94
117 84 118 89
116 84 116 94
115 84 115 94
114 84 114 94
113 84 113 94
111 90 112 94
111 84 112 89
110 84 110 94
109 84 109 94
108 84 108 94
107 84 107 94
106 84 106 94
105 84 105 94
104 84 104 94
103 84 103 94
102 84 102 94
100 90 101 94
100 84 101 89
99 84 99 94
98 84 98 94
96 90 97 94
96 84 97 89
95 84 95 94
94 84 94 94
93 84 93 94
92 84 92 94
89 91 91 94
89 87 91 90
89 84 91 86
85 92 88 94
85 90 88 91
85 87 88 89
85 84 88 86
84 84 84 94
83 84 83 94
82 84 82 94
81 84 81 94
80 84 80 94
69 94 79 94
69 93 79 93
69 92 79 92
69 91 79 91
69 90 79 90
69 89 79 89
69 88 79 88
69 87 79 87
69 86 79 86
69 85 79 85
69 84 79 84
68 84 68 94
67 84 67 94
65 90 66 94
65 84 66 89
63 90 64 94
63 84 64 89
62 84 62 94
60 90 61 94
60 84 61 89
58 89 59 94
58 84 59 88
57 84 57 94
56 84 56 94
53 92 55 94
53 88 55 91
53 84 55 87
52 84 52 94
50 90 51 94
50 84 51 89
49 84 49 94
48 84 48 94
47 84 47 94
46 84 46 94
45 84 45 94
44 84 44 94
43 84 43 94
41 90 42 94
41 84 42 89
40 84 40 94
39 84 39 94
38 84 38 94
37 84 37 94
36 84 36 94
34 90 35 94
34 84 35 89
32 89 33 94
32 84 33 88
31 84 31 94
30 84 30 94
28 90 29 94
28 84 29 89
26 90 27 94
26 84 27 89
25 84 25 94
24 84 24 94
23 84 23 94
22 84 22 94
21 84 21 94
20 84 20 94
17 91 19 94
17 88 19 90
17 84 19 87
16 84 16 94
15 84 15 94
14 84 14 94
13 84 13 94
12 84 12 94
11 84 11 94
10 84 10 94
9 84 9 94
8 84 8 94
7 84 7 94
6 84 6 94
5 84 5 94
3 90 4 94
3 84 4 89
2 84 2 94
1 84 1 94
0 84 0 94
198 102 199 106
198 96 199 101
197 95 197 106
196 95 196 106
194 101 195 106
194 95 195 100
193 95 193 106
192 95 192 106
191 95 191 106
189 101 190 106
189 95 190 100
188 95 188 106
187 95 187 106
186 95 186 106
185 95 185 106
184 95 184 106
183 95 183 106
182 95 182 106
181 95 181 106
180 95 180 106
178 101 179 106
178 95 179 100
177 95 177 106
176 95 176 106
174 101 175 106
174 95 175 100
171 103 173 106
171 99 173 102
171 95 173 98
170 95 170 106
169 95 169 106
168 95 168 106
167 95 167 106
166 95 166 106
165 95 165 106
164 95 164 106
163 95 163 106
162 95 162 106
161 95 161 106
160 95 160 106
159 95 159 106
158 95 158 106
157 95 157 106
156 95 156 106
155 95 155 106
154 95 154 106
153 95 153 106
151 101 152 106
151 95 152 100
150 95 150 106
149 95 149 106
147 101 148 106
147 95 148 100
146 95 146 106
145 95 145 106
139 105 144 106
139 103 144 104
139 101 144 102
139 99 144 100
139 97 144 98
139 95 144 96
137 101 138 106
137 95 138 100
136 95 136 106
135 95 135 106
134 95 134 106
132 101 133 106
132 95 133 100
131 95 131 106
130 95 130 106
129 95 129 106
128 95 128 106
127 95 127 106
126 95 126 106
125 95 125 106
124 95 124 106
123 95 123 106
120 103 122 106
120 99 122 102
120 95 122 98
119 95 119 106
118 95 118 106
117 95 117 106
116 95 116 106
115 95 115 106
114 95 114 106
113 95 113 106
112 95 112 106
111 95 111 106
110 95 110 106
109 95 109 106
108 95 108 106
107 95 107 106
106 95 106 106
105 95 105 106
104 95 104 106
103 95 103 106
100 103 102 106
100 99 102 102
100 95 102 98
99 95 99 106
97 101 98 106
97 95 98 100
96 95 96 106
94 101 95 106
94 95 95 100
93 95 93 106
92 95 92 106
91 95 91 106
90 95 90 106
89 95 89 106
88 95 88 106
87 95 87 106
86 95 86 106
85 95 85 106
84 95 84 106
83 95 83 106
82 95 82 106
81 95 81 106
80 95 80 106
79 95 79 106
78 95 78 106
76 101 77 106
76 95 77 100
75 95 75 106
74 95 74 106
72 101 73 106
72 95 73 100
66 105 71 106
66 103 71 104
66 101 71 102
66 99 71 100
66 97 71 98
66 95 71 96
65 95 65 106
64 95 64 106
63 95 63 106
61 101 62 106
61 95 62 100
59 101 60 106
59 95 60 100
58 95 58 106
57 95 57 106
56 95 56 106
55 95 55 106
53 101 54 106
53 95 54 100
52 95 52 106
51 95 51 106
50 95 50 106
49 95 49 106
46 103 48 106
46 99 48 102
46 95 48 98
45 95 45 106
44 95 44 106
43 95 43 106
31 106 42 106
31 105 42 105
31 104 42 104
31 103 42 103
31 102 42 102
31 101 42 101
31 100 42 100
31 99 42 99
31 98 42 98
31 97 42 97
31 96 42 96
31 95 42 95
30 95 30 106
29 95 29 106
28 95 28 106
22 105 27 106
22 103 27 104
22 101 27 102
22 99 27 100
22 97 27 98
22 95 27 96
21 95 21 106
20 95 20 106
19 95 19 106
18 95 18 106
17 95 17 106
16 95 16 106
15 95 15 106
14 95 14 106
13 95 13 106
12 95 12 106
11 95 11 106
10 95 10 106
8 101 9 106
8 95 9 100
7 95 7 106
6 95 6 106
4 101 5 106
4 95 5 100
3 95 3 106
2 95 2 106
1 95 1 106
0 95 0 106
198 113 199 118
198 107 199 112
197 107 197 118
196 107 196 118
195 107 195 118
194 107 194 118
188 117 193 118
188 115 193 116
188 113 193 114
188 111 193 112
188 109 193 110
188 107 193 108
187 107 187 118
186 107 186 118
185 107 185 118
184 107 184 118
183 107 183 118
182 107 182 118
181 107 181 118
180 107 180 118
179 107 179 118
178 107 178 118
177 107 177 118
176 107 176 118
175 107 175 118
174 107 174 118
172 113 173 118
172 107 173 112
171 107 171 118
170 107 170 118
168 113 169 118
168 107 169 112
167 107 167 118
166 107 166 118
165 107 165 118
164 107 164 118
161 115 163 118
161 111 163 114
161 107 163 110
160 107 160 118
159 107 159 118
158 107 158 118
157 107 157 118
156 107 156 118
155 107 155 118
154 107 154 118
153 107 153 118
152 107 152 118
151 107 151 118
150 107 150 118
149 107 149 118
148 107 148 118
147 107 147 118
146 107 146 118
145 107 145 118
144 107 144 118
143 107 143 118
142 107 142 118
141 107 141 118
140 107 140 118
137 115 139 118
137 111 139 114
137 107 139 110
136 107 136 118
135 107 135 118
134 107 134 118
123 118 133 118
123 117 133 117
123 116 133 116
123 115 133 115
123 114 133 114
123 113 133 113
123 112 133 112
123 111 133 111
123 110 133 110
123 108 133 108
123 107 133 107
120 115 122 118
120 111 122 114
120 107 122 110
117 115 119 118
117 111 119 114
117 107 119 110
116 107 116 118
115 107 115 118
114 107 114 118
113 107 113 118
112 107 112 118
111 107 111 118
110 107 110 118
109 107 109 118
108 107 108 118
107 107 107 118
106 107 106 118
105 107 105 118
103 113 104 118
103 107 104 112
102 107 102 118
99 115 101 118
99 111 101 114
99 107 101 110
96 115 98 118
96 111 98 114
96 107 98 110
95 107 95 118
94 107 94 118
93 107 93 118
92 107 92 118
91 107 91 118
90 107 90 118
89 107 89 118
88 107 88 118
87 107 87 118
85 113 86 118
85 107 86 112
84 107 84 118
83 107 83 118
82 107 82 118
78 116 81 118
78 113 81 115
78 110 81 112
78 107 81 109
75 115 77 118
75 111 77 114
75 107 77 110
74 107 74 118
72 113 73 118
72 107 73 112
71 107 71 118
70 107 70 118
69 107 69 118
68 107 68 118
67 107 67 118
66 107 66 118
65 107 65 118
64 107 64 118
63 107 63 118
62 107 62 118
61 107 61 118
49 118 60 118
49 117 60 117
49 116 60 116
49 115 60 115
49 114 60 114
49 113 60 113
49 112 60 112
49 111 60 111
49 110 60 110
49 109 60 109
49 108 60 108
49 107 60 107
47 113 48 118
47 107 48 112
46 107 46 118
45 107 45 118
44 107 44 118
43 107 43 118
42 107 42 118
41 107 41 118
39 113 40 118
39 107 40 112
36 115 38 118
36 111 38 114
36 107 38 110
35 107 35 118
34 107 34 118
33 107 33 118
32 107 32 118
31 107 31 118
30 107 30 118
29 107 29 118
28 107 28 118
27 107 27 118
24 115 26 118
24 111 26 114
24 107 26 110
22 113 23 118
22 107 23 112
21 107 21 118
20 107 20 118
18 113 19 118
18 107 19 112
16 113 17 118
16 107 17 112
15 107 15 118
14 107 14 118
13 107 13 118
12 107 12 118
11 107 11 118
8 115 10 118
8 111 10 114
8 107 10 110
7 107 7 118
6 107 6 118
5 107 5 118
4 107 4 118
3 107 3 118
2 107 2 118
1 107 1 118
0 107 0 118
199 119 199 130
198 119 198 130
197 119 197 130
196 119 196 130
195 119 195 130
194 119 194 130
193 119 193 130
192 119 192 130
191 119 191 130
190 119 190 130
189 119 189 130
188 119 188 130
187 119 187 130
186 119 186 130
185 119 185 130
184 119 184 130
183 119 183 130
181 125 182 130
181 119 182 124
180 119 180 130
179 119 179 130
178 119 178 130
177 119 177 130
176 119 176 130
175 119 175 130
174 119 174 130
173 119 173 130
172 119 172 130
171 119 171 130
170 119 170 130
168 125 169 130
168 119 169 124
167 119 167 130
155 130 166 130
155 129 166 129
155 128 166 128
155 127 166 127
155 126 166 126
155 125 166 125
155 124 166 124
155 123 166 123
155 122 166 122
155 121 166 121
155 120 166 120
155 119 166 119
154 119 154 130
153 119 153 130
152 119 152 130
151 119 151 130
150 119 150 130
149 119 149 130
148 119 148 130
147 119 147 130
146 119 146 130
142 128 145 130
142 125 145 127
142 122 145 124
142 119 145 121
141 119 141 130
140 119 140 130
139 119 139 130
137 125 138 130
137 119 138 124
136 119 136 130
135 119 135 130
134 119 134 130
133 119 133 130
132 119 132 130
128 128 131 130
128 125 131 127
128 122 131 124
128 119 131 121
126 125 127 130
126 119 127 124
125 119 125 130
124 119 124 130
123 119 123 130
122 119 122 130
121 119 121 130
120 119 120 130
119 119 119 130
118 119 118 130
117 119 117 130
116 119 116 130
115 119 115 130
114 119 114 130
113 119 113 130
112 119 112 130
111 119 111 130
109 125 110 130
109 119 110 124
108 119 108 130
107 119 107 130
106 119 106 130
105 119 105 130
104 119 104 130
101 127 103 130
101 123 103 126
101 119 103 122
100 119 100 130
99 119 99 130
98 119 98 130
97 119 97 130
96 119 96 130
95 119 95 130
94 119 94 130
93 119 93 130
90 127 92 130
90 123 92 126
90 119 92 122
89 119 89 130
87 125 88 130
87 119 88 124
85 125 86 130
85 119 86 124
84 119 84 130
83 119 83 130
82 119 82 130
81 119 81 130
80 119 80 130
79 119 79 130
78 119 78 130
77 119 77 130
76 119 76 130
75 119 75 130
74 119 74 130
73 119 73 130
72 119 72 130
71 119 71 130
70 119 70 130
69 119 69 130
68 119 68 130
67 119 67 130
66 119 66 130
65 119 65 130
64 119 64 130
63 119 63 130
59 128 62 130
59 125 62 127
59 122 62 124
59 119 62 121
58 119 58 130
57 119 57 130
56 119 56 130
55 119 55 130
54 119 54 130
53 119 53 130
51 125 52 130
51 119 52 124
50 119 50 130
49 119 49 130
48 119 48 130
47 119 47 130
46 119 46 130
45 119 45 130
44 119 44 130
43 119 43 130
31 130 42 130
31 129 42 129
31 128 42 128
31 127 42 127
31 126 42 126
31 125 42 125
31 124 42 124
31 123 42 123
31 122 42 122
31 121 42 121
31 120 42 120
31 119 42 119
30 119 30 130
29 119 29 130
27 125 28 130
27 119 28 124
26 119 26 130
25 119 25 130
23 125 24 130
23 119 24 124
22 119 22 130
21 119 21 130
18 128 20 130
18 125 20 127
18 122 20 124
18 119 20 121
17 119 17 130
16 119 16 130
15 119 15 130
14 119 14 130
13 119 13 130
12 119 12 130
11 119 11 130
10 119 10 130
9 119 9 130
8 119 8 130
7 119 7 130
6 119 6 130
5 119 5 130
2 127 4 130
2 123 4 126
2 119 4 122
1 119 1 130
0 119 0 130
199 131 199 142
197 137 198 142
197 131 198 136
195 137 196 142
195 131 196 136
194 131 194 142
193 131 193 142
192 131 192 142
191 131 191 142
190 131 190 142
188 137 189 142
188 131 189 136
187 131 187 142
186 131 186 142
185 131 185 142
184 131 184 142
183 131 183 142
182 131 182 142
180 137 181 142
180 131 181 136
179 131 179 142
178 131 178 142
177 131 177 142
176 131 176 142
175 131 175 142
174 131 174 142
173 131 173 142
172 131 172 142
171 131 171 142
170 131 170 142
169 131 169 142
167 131 167 142
166 131 166 142
165 131 165 142
164 131 164 142
163 131 163 142
162 131 162 142
161 131 161 142
160 131 160 142
159 131 159 142
158 131 158 142
157 131 157 142
156 131 156 142
155 131 155 142
154 131 154 142
153 131 153 142
152 131 152 142
151 131 151 142
150 131 150 142
147 139 149 142
147 135 149 138
147 131 149 134
146 131 146 142
145 131 145 142
144 131 144 142
143 131 143 142
142 131 142 142
141 131 141 142
140 131 140 142
139 131 139 142
138 131 138 142
137 131 137 142
136 131 136 142
134 137 135 142
134 131 135 136
133 131 133 142
132 131 132 142
131 131 131 142
129 137 130 142
129 131 130 136
128 131 128 142
127 131 127 142
126 131 126 142
125 131 125 142
124 131 124 142
123 131 123 142
122 131 122 142
119 139 121 142
119 135 121 138
119 131 121 134
118 131 118 142
117 131 117 142
116 131 116 142
115 131 115 142
114 131 114 142
113 131 113 142
112 131 112 142
111 131 111 142
109 137 110 142
109 131 110 136
106 140 108 142
106 137 108 139
106 134 108 136
106 131 108 133
105 131 105 142
104 131 104 142
103 131 103 142
102 131 102 142
101 131 101 142
100 131 100 142
99 131 99 142
98 131 98 142
97 131 97 142
96 131 96 142
95 131 95 142
94 131 94 142
93 131 93 142
92 131 92 142
91 131 91 142
90 131 90 142
87 140 89 142
87 137 89 139
87 134 89 136
87 131 89 133
86 131 86 142
85 131 85 142
84 131 84 142
83 131 83 142
82 131 82 142
81 131 81 142
80 131 80 142
79 131 79 142
78 131 78 142
77 131 77 142
76 131 76 142
75 131 75 142
74 131 74 142
73 131 73 142
72 131 72 142
71 131 71 142
70 131 70 142
69 131 69 142
67 137 68 142
67 131 68 136
66 131 66 142
65 131 65 142
64 131 64 142
63 131 63 142
62 131 62 142
61 131 61 142
60 131 60 142
59 131 59 142
56 139 58 142
56 135 58 138
56 131 58 134
55 131 55 142
51 140 54 142
51 137 54 139
51 134 54 136
51 131 54 133
50 131 50 142
49 131 49 142
48 131 48 142
46 137 47 142
46 131 47 136
45 131 45 142
44 131 44 142
43 131 43 142
42 131 42 142
41 131 41 142
40 131 40 142
39 131 39 142
38 131 38 142
37 131 37 142
36 131 36 142
35 131 35 142
34 131 34 142
31 139 33 142
31 135 33 138
31 131 33 134
30 131 30 142
29 131 29 142
26 139 28 142
26 135 28 138
26 131 28 134
23 139 25 142
23 135 25 138
23 131 25 134
22 131 22 142
21 131 21 142
19 137 20 142
19 131 20 136
18 131 18 142
12 141 17 142
12 139 17 140
12 137 17 138
12 135 17 136
12 133 17 134
12 131 17 132
11 131 11 142
10 131 10 142
9 131 9 142
8 131 8 142
7 131 7 142
6 131 6 142
5 131 5 142
4 131 4 142
3 131 3 142
2 131 2 142
1 131 1 142
0 131 0 142
199 143 199 154
197 149 198 154
197 143 198 148
195 149 196 154
195 143 196 148
193 149 194 154
193 143 194 148
192 143 192 154
191 143 191 154
187 152 190 154
187 149 190 151
187 146 190 148
187 143 190 145
186 143 186 154
185 143 185 154
184 143 184 154
183 143 183 154
181 149 182 154
181 143 182 148
180 143 180 154
178 149 179 154
178 143 179 148
177 143 177 154
176 143 176 154
175 143 175 154
174 143 174 154
173 143 173 154
172 143 172 154
171 143 171 154
170 143 170 154
169 143 169 154
168 143 168 154
167 143 167 154
163 152 166 154
163 149 166 151
163 146 166 148
163 143 166 145
162 143 162 154
161 143 161 154
160 143 160 154
157 151 159 154
157 147 159 150
157 143 159 146
156 143 156 154
155 143 155 154
154 143 154 154
153 143 153 154
152 143 152 154
151 143 151 154
148 151 150 154
148 147 150 150
148 143 150 146
147 143 147 154
146 143 146 154
145 143 145 154
144 143 144 154
143 143 143 154
142 143 142 154
141 143 141 154
139 149 140 154
139 143 140 148
137 149 138 154
137 143 138 148
136 143 136 154
135 143 135 154
134 143 134 154
133 143 133 154
132 143 132 154
131 143 131 154
130 143 130 154
128 149 129 154
128 143 129 148
127 143 127 154
126 143 126 154
124 149 125 154
124 143 125 148
122 149 123 154
122 143 123 148
120 151 121 154
120 147 121 150
120 143 121 146
119 143 119 154
118 143 118 154
117 143 117 154
116 143 116 154
115 143 115 154
114 143 114 154
113 143 113 154
112 143 112 154
111 143 111 154
109 149 110 154
109 143 110 148
108 143 108 154
107 143 107 154
106 143 106 154
105 143 105 154
104 143 104 154
103 143 103 154
102 143 102 154
99 151 101 154
99 147 101 150
99 143 101 146
98 143 98 154
97 143 97 154
96 143 96 154
95 143 95 154
94 143 94 154
93 143 93 154
92 143 92 154
90 149 91 154
90 143 91 148
89 143 89 154
88 143 88 154
77 154 87 154
77 153 87 153
77 152 87 152
77 151 87 151
77 150 87 150
77 149 87 149
77 148 87 148
77 147 87 147
77 146 87 146
77 145 87 145
77 144 87 144
77 143 87 143
76 143 76 154
75 143 75 154
74 143 74 154
73 143 73 154
70 151 72 154
70 147 72 150
70 143 72 146
69 143 69 154
68 143 68 154
67 143 67 154
66 143 66 154
65 143 65 154
64 143 64 154
63 143 63 154
62 143 62 154
61 143 61 154
60 143 60 154
59 143 59 154
58 143 58 154
57 143 57 154
56 143 56 154
55 143 55 154
54 143 54 154
53 143 53 154
52 143 52 154
51 143 51 154
50 143 50 154
49 143 49 154
48 143 48 154
47 143 47 154
46 143 46 154
45 143 45 154
44 143 44 154
43 143 43 154
42 143 42 154
41 143 41 154
40 143 40 154
39 143 39 154
38 143 38 154
37 143 37 154
36 143 36 154
35 143 35 154
34 143 34 154
33 143 33 154
32 143 32 154
31 143 31 154
30 143 30 154
29 143 29 154
25 152 28 154
25 149 28 151
25 146 28 148
25 143 28 145
24 143 24 154
23 143 23 154
22 143 22 154
21 143 21 154
17 152 20 154
17 149 20 151
17 146 20 148
17 143 20 145
16 143 16 154
15 143 15 154
14 143 14 154
10 152 13 154
10 149 13 151
10 146 13 148
10 143 13 145
6 152 9 154
6 149 9 151
6 146 9 148
6 143 9 145
5 143 5 154
4 143 4 154
3 143 3 154
2 143 2 154
1 143 1 154
0 143 0 154
199 155 199 166
198 155 198 166
196 162 197 166
196 156 197 161
194 161 195 166
194 155 195 160
193 155 193 166
192 155 192 166
191 155 191 166
189 161 190 166
189 155 190 160
188 155 188 166
187 155 187 166
186 155 186 166
185 155 185 166
184 155 184 166
183 155 183 166
182 155 182 166
181 155 181 166
180 155 180 166
179 155 179 166
177 161 178 166
177 155 178 160
176 155 176 166
174 161 175 166
174 155 175 160
173 155 173 166
172 155 172 166
171 155 171 166
170 155 170 166
169 155 169 166
168 155 168 166
167 155 167 166
166 155 166 166
162 164 165 166
162 161 165 163
162 158 165 160
162 155 165 157
150 166 161 166
150 165 161 165
150 164 161 164
150 163 161 163
150 162 161 162
150 161 161 161
150 160 161 160
150 159 161 159
150 158 161 158
150 157 161 157
150 156 161 156
150 155 161 155
149 155 149 166
147 161 148 166
147 155 148 160
146 155 146 166
144 161 145 166
144 155 145 160
143 155 143 166
139 165 142 166
139 163 142 164
139 160 142 162
139 158 142 159
139 155 142 157
138 155 138 166
137 155 137 166
136 155 136 166
135 155 135 166
134 155 134 166
133 155 133 166
131 161 132 166
131 155 132 160
129 161 130 166
129 155 130 160
128 155 128 166
127 155 127 166
126 155 126 166
125 155 125 166
124 155 124 166
123 155 123 166
122 155 122 166
121 155 121 166
119 161 120 166
119 155 120 160
118 155 118 166
117 155 117 166
116 155 116 166
112 164 115 166
112 161 115 163
112 158 115 160
112 155 115 157
110 161 111 166
110 155 111 160
109 155 109 166
108 155 108 166
107 155 107 166
106 155 106 166
105 155 105 166
104 155 104 166
103 155 103 166
101 161 102 166
101 155 102 160
100 155 100 166
99 155 99 166
98 155 98 166
97 155 97 166
96 155 96 166
94 161 95 166
94 155 95 160
93 155 93 166
92 155 92 166
90 161 91 166
90 155 91 160
89 155 89 166
87 161 88 166
87 155 88 160
86 155 86 166
85 155 85 166
84 155 84 166
80 164 83 166
80 161 83 163
80 158 83 160
80 155 83 157
79 155 79 166
78 155 78 166
77 155 77 166
76 155 76 166
75 155 75 166
74 155 74 166
62 166 73 166
62 165 73 165
62 164 73 164
62 163 73 163
62 162 73 162
62 161 73 161
62 160 73 160
62 159 73 159
62 158 73 158
62 157 73 157
62 156 73 156
62 155 73 155
61 155 61 166
60 155 60 166
59 155 59 166
58 155 58 166
57 155 57 166
56 155 56 166
55 155 55 166
54 155 54 166
43 166 53 166
43 165 53 165
43 164 53 164
43 163 53 163
43 162 53 162
43 161 53 161
43 160 53 160
43 159 53 159
43 158 53 158
43 157 53 157
43 156 53 156
43 155 53 155
42 155 42 166
41 155 41 166
40 155 40 166
39 155 39 166
38 155 38 166
37 155 37 166
36 155 36 166
35 155 35 166
34 155 34 166
33 155 33 166
32 155 32 166
31 155 31 166
30 155 30 166
29 155 29 166
28 155 28 166
27 155 27 166
26 155 26 166
22 164 25 166
22 161 25 163
22 158 25 160
22 155 25 157
21 155 21 166
20 155 20 166
19 155 19 166
18 155 18 166
17 155 17 166
16 155 16 166
15 155 15 166
13 161 14 166
13 155 14 160
12 155 12 166
9 163 11 166
9 159 11 162
9 155 11 158
8 155 8 166
7 155 7 166
6 155 6 166
5 155 5 166
3 161 4 166
3 155 4 160
2 155 2 166
1 155 1 166
0 155 0 166
199 167 199 178
198 167 198 178
197 167 197 178
196 167 196 178
195 167 195 178
194 167 194 178
193 167 193 178
192 167 192 178
191 167 191 178
190 167 190 178
189 167 189 178
188 167 188 178
185 175 187 178
185 171 187 174
185 167 187 170
184 167 184 178
183 167 183 178
179 176 182 178
179 173 182 175
179 170 182 172
179 167 182 169
178 167 178 178
177 167 177 178
176 167 176 178
175 167 175 178
174 167 174 178
173 167 173 178
169 176 172 178
169 173 172 175
169 170 172 172
169 167 172 169
168 167 168 178
167 167 167 178
166 167 166 178
165 167 165 178
164 167 164 178
152 178 163 178
152 177 163 177
152 176 163 176
152 175 163 175
152 174 163 174
152 173 163 173
152 172 163 172
152 171 163 171
152 170 163 170
152 169 163 169
152 168 163 168
152 167 163 167
150 173 151 178
150 167 151 172
149 167 149 178
148 167 148 178
147 167 147 178
146 167 146 178
145 167 145 178
144 167 144 178
143 167 143 178
142 167 142 178
141 167 141 178
140 167 140 178
139 167 139 178
138 167 138 178
137 167 137 178
136 167 136 178
135 167 135 178
132 176 134 178
132 173 134 175
132 170 134 172
132 167 134 169
131 167 131 178
130 167 130 178
129 167 129 178
128 167 128 178
127 167 127 178
125 175 126 178
125 171 126 174
125 167 126 170
124 167 124 178
123 167 123 178
122 167 122 178
121 167 121 178
120 167 120 178
117 175 119 178
117 171 119 174
117 167 119 170
116 167 116 178
115 167 115 178
114 167 114 178
113 167 113 178
111 173 112 178
111 167 112 172
110 167 110 178
106 176 109 178
106 173 109 175
106 170 109 172
106 167 109 169
105 167 105 178
103 173 104 178
103 167 104 172
102 167 102 178
101 167 101 178
100 167 100 178
99 167 99 178
98 167 98 178
97 167 97 178
96 167 96 178
95 167 95 178
94 167 94 178
93 167 93 178
92 167 92 178
91 167 91 178
90 167 90 178
89 167 89 178
88 167 88 178
87 167 87 178
84 175 86 178
84 171 86 174
84 167 86 170
83 167 83 178
82 167 82 178
81 167 81 178
80 167 80 178
79 167 79 178
78 167 78 178
77 167 77 178
75 173 76 178
75 167 76 172
74 167 74 178
73 167 73 178
72 167 72 178
71 167 71 178
70 167 70 178
69 167 69 178
68 167 68 178
67 167 67 178
66 167 66 178
65 167 65 178
63 173 64 178
63 167 64 172
60 175 62 178
60 171 62 174
60 167 62 170
59 167 59 178
58 167 58 178
57 167 57 178
56 167 56 178
55 167 55 178
54 167 54 178
53 167 53 178
52 167 52 178
51 167 51 178
50 167 50 178
49 167 49 178
48 167 48 178
47 167 47 178
46 167 46 178
45 167 45 178
44 167 44 178
43 167 43 178
42 167 42 178
40 173 41 178
40 167 41 172
39 167 39 178
36 175 38 178
36 171 38 174
36 167 38 170
35 167 35 178
34 167 34 178
33 167 33 178
32 167 32 178
31 167 31 178
30 167 30 178
29 167 29 178
28 167 28 178
27 167 27 178
26 167 26 178
23 175 25 178
23 171 25 174
23 167 25 170
22 167 22 178
21 167 21 178
20 167 20 178
19 167 19 178
18 167 18 178
17 167 17 178
16 167 16 178
15 167 15 178
14 167 14 178
12 173 13 178
12 167 13 172
9 175 11 178
9 171 11 174
9 167 11 170
8 167 8 178
7 167 7 178
6 167 6 178
5 167 5 178
3 173 4 178
3 167 4 172
2 167 2 178
1 167 1 178
0 167 0 178
198 184 199 189
198 179 199 183
197 179 197 189
196 179 196 189
195 179 195 189
194 179 194 189
193 179 193 189
192 179 192 189
190 185 191 189
190 179 191 184
189 179 189 189
188 179 188 189
186 185 187 189
186 179 187 184
185 179 185 189
183 185 184 189
183 179 184 184
182 179 182 189
181 179 181 189
180 179 180 189
179 179 179 189
177 184 178 189
177 179 178 183
175 184 176 189
175 179 176 183
174 179 174 189
170 188 173 189
170 186 173 187
170 184 173 185
170 181 173 183
170 179 173 180
169 179 169 189
167 185 168 189
167 179 168 184
166 179 166 189
164 185 165 189
164 179 165 184
163 179 163 189
162 179 162 189
160 184 161 189
160 179 161 183
159 179 159 189
158 179 158 189
157 179 157 189
156 179 156 189
155 179 155 189
154 179 154 189
153 179 153 189
152 179 152 189
151 179 151 189
150 179 150 189
149 179 149 189
148 179 148 189
147 179 147 189
146 179 146 189
145 179 145 189
144 179 144 189
143 179 143 189
140 187 142 189
140 183 142 186
140 179 142 182
139 179 139 189
138 179 138 189
137 179 137 189
136 179 136 189
135 179 135 189
134 179 134 189
133 179 133 189
130 186 132 189
130 182 132 185
130 179 132 181
129 179 129 189
128 179 128 189
116 189 127 189
116 188 127 188
116 187 127 187
116 186 127 186
116 185 127 185
116 184 127 184
116 183 127 183
116 182 127 182
116 181 127 181
116 180 127 180
116 179 127 179
115 179 115 189
114 179 114 189
113 179 113 189
112 179 112 189
111 179 111 189
110 179 110 189
109 179 109 189
108 179 108 189
107 179 107 189
106 179 106 189
105 179 105 189
93 189 104 189
93 188 104 188
93 187 104 187
93 186 104 186
93 185 104 185
93 184 104 184
93 183 104 183
93 182 104 182
93 181 104 181
93 180 104 180
93 179 104 179
92 179 92 189
91 179 91 189
90 179 90 189
89 179 89 189
88 179 88 189
87 179 87 189
84 187 86 189
84 183 86 186
84 179 86 182
83 179 83 189
82 179 82 189
81 179 81 189
80 179 80 189
79 179 79 189
78 179 78 189
77 179 77 189
75 185 76 189
75 179 76 184
74 179 74 189
73 179 73 189
72 179 72 189
71 179 71 189
70 179 70 189
69 179 69 189
68 179 68 189
66 184 67 189
66 179 67 183
65 179 65 189
64 179 64 189
62 185 63 189
62 179 63 184
60 184 61 189
60 179 61 183
59 179 59 189
58 179 58 189
57 179 57 189
56 179 56 189
55 179 55 189
54 179 54 189
53 179 53 189
50 187 52 189
50 183 52 186
50 179 52 182
49 179 49 189
48 179 48 189
44 188 47 189
44 185 47 187
44 182 47 184
44 179 47 181
43 179 43 189
42 179 42 189
41 179 41 189
40 179 40 189
39 179 39 189
38 179 38 189
36 185 37 189
36 179 37 184
26 189 35 189
26 188 35 188
26 187 35 187
26 186 35 186
26 185 35 185
26 184 35 184
26 183 35 183
26 182 35 182
26 181 35 181
26 180 35 180
26 179 35 179
24 185 25 189
24 179 25 184
23 179 23 189
22 179 22 189
21 179 21 189
20 179 20 189
19 179 19 189
18 179 18 189
17 179 17 189
15 185 16 189
15 179 16 184
14 179 14 189
13 179 13 189
12 179 12 189
10 184 11 189
10 179 11 183
9 179 9 189
8 179 8 189
7 179 7 189
6 179 6 189
5 179 5 189
1 187 4 189
1 185 4 186
1 182 4 184
1 179 4 181
0 179 0 189
199 190 199 201
198 190 198 201
197 190 197 201
195 198 196 201
195 194 196 197
195 190 196 193
194 190 194 201
191 198 193 201
191 194 193 197
191 190 193 193
190 190 190 201
189 190 189 201
188 190 188 201
186 196 187 201
186 190 187 195
185 190 185 201
184 190 184 201
183 190 183 201
182 190 182 201
181 190 181 201
180 190 180 201
179 190 179 201
178 190 178 201
177 190 177 201
176 190 176 201
175 190 175 201
174 190 174 201
172 196 173 201
172 190 173 195
171 190 171 201
170 190 170 201
169 190 169 201
168 190 168 201
167 190 167 201
166 190 166 201
165 190 165 201
164 190 164 201
163 190 163 201
162 190 162 201
161 190 161 201
160 190 160 201
159 190 159 201
158 190 158 201
157 190 157 201
156 190 156 201
154 196 155 201
154 190 155 195
153 190 153 201
152 190 152 201
151 190 151 201
150 190 150 201
149 190 149 201
148 190 148 201
146 196 147 201
146 190 147 195
145 190 145 201
144 190 144 201
143 190 143 201
142 190 142 201
141 190 141 201
139 196 140 201
139 190 140 195
133 200 138 201
133 198 138 199
133 196 138 197
133 194 138 195
133 192 138 193
133 190 138 191
132 190 132 201
131 190 131 201
130 190 130 201
129 190 129 201
128 190 128 201
126 196 127 201
126 190 127 195
125 190 125 201
123 196 124 201
123 190 124 195
122 190 122 201
121 190 121 201
120 190 120 201
119 190 119 201
118 190 118 201
117 190 117 201
116 190 116 201
115 190 115 201
114 190 114 201
111 198 113 201
111 194 113 197
111 190 113 193
110 190 110 201
109 190 109 201
108 190 108 201
106 196 107 201
106 190 107 195
105 190 105 201
104 190 104 201
102 196 103 201
102 190 103 195
100 196 101 201
100 190 101 195
97 198 99 201
97 194 99 197
97 190 99 193
96 190 96 201
95 190 95 201
94 190 94 201
93 190 93 201
92 190 92 201
91 190 91 201
90 190 90 201
89 190 89 201
88 190 88 201
84 199 87 201
84 196 87 198
84 193 87 195
84 190 87 192
81 197 83 200
81 193 83 196
81 190 83 192
79 196 80 201
79 190 80 195
78 190 78 201
77 190 77 201
76 190 76 201
75 190 75 201
74 190 74 201
73 190 73 201
72 190 72 201
71 190 71 201
70 190 70 201
69 190 69 201
67 196 68 201
67 190 68 195
63 198 66 200
63 195 66 197
63 193 66 194
63 190 66 192
61 195 62 200
61 190 62 194
60 190 60 201
59 190 59 201
58 190 58 201
57 190 57 201
56 190 56 201
55 190 55 201
54 190 54 201
53 190 53 201
52 190 52 201
51 190 51 201
50 190 50 201
49 190 49 201
48 190 48 201
47 190 47 201
46 190 46 201
45 190 45 201
44 190 44 201
43 190 43 201
42 190 42 201
41 190 41 201
40 190 40 201
39 190 39 201
38 190 38 201
37 190 37 201
36 190 36 201
35 190 35 201
32 198 34 201
32 194 34 197
32 190 34 193
31 190 31 201
30 190 30 201
29 190 29 201
28 190 28 201
26 196 27 201
26 190 27 195
14 201 25 201
14 200 25 200
14 199 25 199
14 198 25 198
14 197 25 197
14 196 25 196
14 195 25 195
14 194 25 194
14 193 25 193
14 192 25 192
14 191 25 191
14 190 25 190
13 190 13 201
12 190 12 201
1 201 11 201
1 200 11 200
1 199 11 199
1 198 11 198
1 197 11 197
1 196 11 196
1 195 11 195
1 194 11 194
1 193 11 193
1 192 11 192
1 191 11 191
1 190 11 190
0 190 0 201
199 202 199 213
198 202 198 213
195 210 197 213
195 206 197 209
195 202 197 205
193 208 194 213
193 202 194 207
192 202 192 213
191 202 191 213
190 202 190 213
189 202 189 213
188 202 188 213
187 202 187 213
186 202 186 213
185 202 185 213
184 202 184 213
183 202 183 213
182 202 182 213
181 202 181 213
180 202 180 213
179 202 179 213
178 202 178 213
177 202 177 213
176 202 176 213
175 202 175 213
173 208 174 213
173 202 174 207
172 202 172 213
170 208 171 213
170 202 171 207
169 202 169 213
168 202 168 213
167 202 167 213
166 202 166 213
165 202 165 213
164 202 164 213
163 202 163 213
162 202 162 213
161 202 161 213
160 202 160 213
159 202 159 213
158 202 158 213
157 202 157 213
156 202 156 213
155 202 155 213
154 202 154 213
153 202 153 213
152 202 152 213
151 202 151 213
150 202 150 213
149 202 149 213
148 202 148 213
147 202 147 213
146 202 146 213
145 202 145 213
144 202 144 213
143 202 143 213
142 202 142 213
141 202 141 213
140 202 140 213
139 202 139 213
138 202 138 213
137 202 137 213
136 202 136 213
135 202 135 213
124 213 134 213
124 212 134 212
124 211 134 211
124 210 134 210
124 209 134 209
124 208 134 208
124 207 134 207
124 206 134 206
124 205 134 205
124 204 134 204
124 203 134 203
124 202 134 202
123 202 123 213
112 213 122 213
112 212 122 212
112 211 122 211
112 210 122 210
112 209 122 209
112 208 122 208
112 207 122 207
112 206 122 206
112 205 122 205
112 204 122 204
112 203 122 203
112 202 122 202
111 202 111 213
110 202 110 213
108 208 109 213
108 202 109 207
107 202 107 213
105 208 106 213
105 202 106 207
104 202 104 213
103 202 103 213
102 202 102 213
101 202 101 213
100 202 100 213
99 202 99 213
95 211 98 213
95 208 98 210
95 205 98 207
95 202 98 204
94 202 94 213
93 202 93 213
92 202 92 213
91 202 91 213
90 202 90 213
88 208 89 213
88 202 89 207
87 202 87 213
86 202 86 213
85 202 85 213
84 202 84 213
81 210 83 213
81 206 83 209
81 202 83 205
80 202 80 213
79 202 79 213
78 202 78 213
77 202 77 213
76 202 76 213
75 202 75 213
74 202 74 213
73 202 73 213
72 202 72 213
70 208 71 213
70 202 71 207
69 202 69 213
67 208 68 213
67 202 68 207
66 202 66 213
65 202 65 213
64 202 64 213
63 202 63 213
62 202 62 213
61 202 61 213
60 202 60 213
56 211 59 213
56 208 59 210
56 205 59 207
56 202 59 204
54 208 55 213
54 202 55 207
53 202 53 213
52 202 52 213
51 202 51 213
50 202 50 213
49 202 49 213
48 202 48 213
46 208 47 213
46 202 47 207
45 202 45 213
44 202 44 213
43 202 43 213
42 202 42 213
41 202 41 213
29 213 40 213
29 212 40 212
29 211 40 211
29 210 40 210
29 209 40 209
29 208 40 208
29 207 40 207
29 206 40 206
29 205 40 205
29 204 40 204
29 203 40 203
29 202 40 202
28 202 28 213
26 209 27 213
26 203 27 208
25 202 25 213
24 202 24 213
23 202 23 213
22 202 22 213
21 202 21 213
20 202 20 213
19 202 19 213
18 202 18 213
17 202 17 213
16 202 16 213
15 202 15 213
14 202 14 213
13 202 13 213
12 202 12 213
11 202 11 213
10 202 10 213
9 202 9 213
8 202 8 213
7 202 7 213
6 202 6 213
5 202 5 213
4 202 4 213
0 212 3 213
0 209 3 211
0 207 3 208
0 205 3 206
0 202 3 204
199 214 199 225
196 222 198 225
196 218 198 221
196 214 198 217
195 214 195 225
193 220 194 225
193 214 194 219
192 214 192 225
191 214 191 225
190 214 190 225
189 214 189 225
188 214 188 225
187 214 187 225
186 214 186 225
185 214 185 225
184 214 184 225
183 214 183 225
182 214 182 225
179 222 181 225
179 218 181 221
179 214 181 217
178 214 178 225
177 214 177 225
176 214 176 225
175 214 175 225
174 214 174 225
173 214 173 225
172 214 172 225
171 214 171 225
169 220 170 225
169 214 170 219
168 214 168 225
167 214 167 225
166 214 166 225
164 220 165 225
164 214 165 219
163 214 163 225
162 214 162 225
160 220 161 225
160 214 161 219
159 214 159 225
158 214 158 225
157 214 157 225
151 224 156 225
151 222 156 223
151 220 156 221
151 218 156 219
151 216 156 217
151 214 156 215
150 214 150 225
149 214 149 225
148 214 148 225
146 220 147 225
146 214 147 219
145 214 145 225
143 220 144 225
143 214 144 219
142 214 142 225
141 214 141 225
140 214 140 225
139 214 139 225
138 214 138 225
137 214 137 225
136 214 136 225
135 214 135 225
134 214 134 225
133 214 133 225
132 214 132 225
131 214 131 225
130 214 130 225
129 214 129 225
128 214 128 225
127 214 127 225
126 214 126 225
125 214 125 225
124 214 124 225
122 220 123 225
122 214 123 219
121 214 121 225
120 214 120 225
119 214 119 225
108 225 118 225
108 224 118 224
108 223 118 223
108 222 118 222
108 221 118 221
108 220 118 220
108 219 118 219
108 218 118 218
108 217 118 217
108 216 118 216
108 215 118 215
108 214 118 214
107 214 107 225
106 214 106 225
103 222 105 225
103 218 105 221
103 214 105 217
100 221 102 224
100 218 102 220
100 214 102 217
99 214 99 225
98 214 98 225
97 214 97 225
96 214 96 225
95 214 95 225
94 214 94 225
92 220 93 225
92 214 93 219
91 214 91 225
85 224 90 225
85 222 90 223
85 220 90 221
85 218 90 219
85 216 90 217
85 214 90 215
84 214 84 225
83 214 83 225
81 220 82 225
81 214 82 219
80 214 80 225
79 214 79 225
78 214 78 225
76 220 77 225
76 214 77 219
74 220 75 225
74 214 75 219
73 214 73 225
72 214 72 225
70 220 71 225
70 214 71 219
69 214 69 225
68 214 68 225
67 214 67 225
66 214 66 225
65 214 65 225
64 214 64 225
63 214 63 225
62 214 62 225
61 214 61 225
60 214 60 225
58 220 59 225
58 214 59 219
57 214 57 225
56 214 56 225
55 214 55 225
53 220 54 225
53 214 54 219
52 214 52 225
51 214 51 225
50 214 50 225
49 214 49 225
48 214 48 225
47 214 47 225
46 214 46 225
45 214 45 225
44 214 44 225
42 220 43 225
42 214 43 219
41 214 41 225
40 214 40 225
39 214 39 225
38 214 38 225
37 214 37 225
36 214 36 225
35 214 35 225
34 214 34 225
33 214 33 225
32 214 32 225
31 214 31 225
30 214 30 225
29 214 29 225
26 222 28 225
26 218 28 221
26 214 28 217
23 222 25 225
23 218 25 221
23 214 25 217
22 214 22 225
21 214 21 225
20 214 20 225
19 214 19 225
18 214 18 225
17 214 17 225
16 214 16 225
15 214 15 225
14 214 14 225
13 214 13 225
12 214 12 225
11 214 11 225
10 214 10 225
9 214 9 225
5 223 8 225
5 220 8 222
5 217 8 219
5 214 8 216
4 214 4 225
3 214 3 225
2 214 2 225
0 220 1 225
0 214 1 219
199 226 199 237
198 226 198 237
197 226 197 237
196 226 196 237
195 226 195 237
194 226 194 237
193 226 193 237
192 226 192 237
191 226 191 237
190 226 190 237
189 226 189 237
188 226 188 237
187 226 187 237
186 226 186 237
185 226 185 237
184 226 184 237
183 226 183 237
180 234 182 237
180 230 182 233
180 226 182 229
179 226 179 237
178 226 178 237
177 226 177 237
176 226 176 237
175 226 175 237
174 226 174 237
173 226 173 237
172 226 172 237
171 226 171 237
170 226 170 237
169 226 169 237
168 226 168 237
167 226 167 237
166 226 166 237
165 226 165 237
164 226 164 237
163 226 163 237
159 235 162 237
159 232 162 234
159 229 162 231
159 226 162 228
158 226 158 237
157 226 157 237
156 226 156 237
155 226 155 237
154 226 154 237
153 226 153 237
151 232 152 237
151 226 152 231
149 232 150 237
149 226 150 231
148 226 148 237
146 232 147 237
146 226 147 231
145 226 145 237
142 234 144 237
142 230 144 233
142 226 144 229
141 226 141 237
139 232 140 237
139 226 140 231
138 226 138 237
137 226 137 237
136 226 136 237
135 226 135 237
134 226 134 237
133 226 133 237
132 226 132 237
131 226 131 237
130 226 130 237
129 226 129 237
127 232 128 237
127 226 128 231
124 234 126 237
124 230 126 233
124 226 126 229
123 226 123 237
122 226 122 237
121 226 121 237
120 226 120 237
119 226 119 237
117 232 118 237
117 226 118 231
116 226 116 237
115 226 115 237
113 232 114 237
113 226 114 231
112 226 112 237
111 226 111 237
109 232 110 237
109 226 110 231
108 226 108 237
107 226 107 237
106 226 106 237
105 226 105 237
104 226 104 237
103 226 103 237
102 226 102 237
101 226 101 237
100 226 100 237
98 232 99 237
98 226 99 231
97 226 97 237
96 226 96 237
95 226 95 237
94 226 94 237
93 226 93 237
90 234 92 237
90 230 92 233
90 226 92 229
89 226 89 237
88 226 88 237
87 226 87 237
86 226 86 237
85 226 85 237
83 232 84 237
83 226 84 231
82 226 82 237
72 237 81 237
72 236 81 236
72 235 81 235
72 234 81 234
72 233 81 233
72 232 81 232
72 231 81 231
72 230 81 230
72 229 81 229
72 228 81 228
72 227 81 227
72 226 81 226
71 226 71 237
70 226 70 237
69 226 69 237
68 226 68 237
67 226 67 237
66 226 66 237
65 226 65 237
59 236 64 237
59 234 64 235
59 232 64 233
59 230 64 231
59 228 64 229
59 226 64 227
58 226 58 237
57 226 57 237
55 232 56 237
55 226 56 231
54 226 54 237
53 226 53 237
51 232 52 237
51 226 52 231
50 226 50 237
49 226 49 237
48 226 48 237
47 226 47 237
46 226 46 237
45 226 45 237
44 226 44 237
43 226 43 237
42 226 42 237
41 226 41 237
39 232 40 237
39 226 40 231
38 226 38 237
37 226 37 237
36 226 36 237
35 226 35 237
33 232 34 237
33 226 34 231
32 226 32 237
31 226 31 237
29 232 30 237
29 226 30 231
28 226 28 237
27 226 27 237
26 226 26 237
25 226 25 237
24 226 24 237
23 226 23 237
22 226 22 237
21 226 21 237
20 226 20 237
19 226 19 237
18 226 18 237
17 226 17 237
15 232 16 237
15 226 16 231
14 226 14 237
13 226 13 237
12 226 12 237
11 226 11 237
10 226 10 237
9 226 9 237
5 235 8 237
5 232 8 234
5 229 8 231
5 226 8 228
4 226 4 237
3 226 3 237
2 226 2 237
1 226 1 237
0 226 0 237
199 238 199 249
198 238 198 249
197 238 197 249
196 238 196 249
195 238 195 249
194 238 194 249
193 238 193 249
192 238 192 249
190 244 191 249
190 238 191 243
189 238 189 249
188 238 188 249
187 238 187 249
186 238 186 249
185 238 185 249
184 238 184 249
183 238 183 249
182 238 182 249
181 238 181 249
180 238 180 249
179 238 179 249
178 238 178 249
177 238 177 249
176 238 176 249
175 238 175 249
174 238 174 249
173 238 173 249
162 249 172 249
162 248 172 248
162 247 172 247
162 246 172 246
162 245 172 245
162 244 172 244
162 243 172 243
162 242 172 242
162 241 172 241
162 240 172 240
162 239 172 239
162 238 172 238
161 238 161 249
160 238 160 249
159 238 159 249
158 238 158 249
157 238 157 249
156 238 156 249
155 238 155 249
154 238 154 249
153 238 153 249
152 238 152 249
150 244 151 249
150 238 151 243
149 238 149 249
148 238 148 249
144 247 147 249
144 244 147 246
144 241 147 243
144 238 147 240
143 238 143 249
142 238 142 249
141 238 141 249
140 238 140 249
139 238 139 249
138 238 138 249
132 248 137 249
132 246 137 247
132 244 137 245
132 242 137 243
132 240 137 241
132 238 137 239
131 238 131 249
130 238 130 249
128 244 129 249
128 238 129 243
127 238 127 249
126 238 126 249
114 249 125 249
114 248 125 248
114 247 125 247
114 246 125 246
114 245 125 245
114 244 125 244
114 243 125 243
114 242 125 242
114 241 125 241
114 240 125 240
114 239 125 239
114 238 125 238
113 238 113 249
112 238 112 249
111 238 111 249
110 238 110 249
109 238 109 249
108 238 108 249
107 238 107 249
106 238 106 249
105 238 105 249
104 238 104 249
103 238 103 249
102 238 102 249
101 238 101 249
100 238 100 249
99 238 99 249
98 238 98 249
97 238 97 249
96 238 96 249
95 238 95 249
94 238 94 249
90 247 93 249
90 244 93 246
90 241 93 243
90 238 93 240
89 238 89 249
88 238 88 249
87 238 87 249
86 238 86 249
85 238 85 249
84 238 84 249
83 238 83 249
82 238 82 249
81 238 81 249
80 238 80 249
79 238 79 249
78 238 78 249
77 238 77 249
76 238 76 249
72 248 75 249
72 246 75 247
72 243 75 245
72 241 75 242
72 238 75 240
71 238 71 249
70 238 70 249
69 238 69 249
68 238 68 249
67 238 67 249
66 238 66 249
65 238 65 249
64 238 64 249
63 238 63 249
62 238 62 249
61 238 61 249
60 238 60 249
59 238 59 249
58 238 58 249
57 238 57 249
56 238 56 249
55 238 55 249
54 238 54 249
53 238 53 249
51 244 52 249
51 238 52 243
50 238 50 249
49 238 49 249
48 238 48 249
44 247 47 249
44 244 47 246
44 241 47 243
44 238 47 240
43 238 43 249
40 246 42 249
40 242 42 245
40 238 42 241
39 238 39 249
38 238 38 249
37 238 37 249
36 238 36 249
35 238 35 249
34 238 34 249
32 244 33 249
32 238 33 243
31 238 31 249
30 238 30 249
29 238 29 249
27 244 28 249
27 238 28 243
26 238 26 249
25 238 25 249
24 238 24 249
23 238 23 249
22 238 22 249
20 244 21 249
20 238 21 243
19 238 19 249
18 238 18 249
17 238 17 249
16 238 16 249
15 238 15 249
14 238 14 249
13 238 13 249
11 244 12 249
11 238 12 243
10 238 10 249
7 246 9 249
7 242 9 245
7 238 9 241
6 238 6 249
5 238 5 249
4 238 4 249
3 238 3 249
1 244 2 249
1 238 2 243
0 238 0 249
