4195
198 6 199 11
198 0 199 5
197 0 197 11
193 9 196 11
193 6 196 8
193 3 196 5
193 0 196 2
192 0 192 11
191 0 191 11
190 0 190 11
189 0 189 11
188 0 188 11
187 0 187 11
186 0 186 11
185 0 185 11
183 6 184 11
183 0 184 5
182 0 182 11
181 0 181 11
180 0 180 11
179 0 179 11
178 0 178 11
177 0 177 11
176 0 176 11
175 0 175 11
174 0 174 11
173 0 173 11
172 0 172 11
171 0 171 11
170 0 170 11
169 0 169 11
168 0 168 11
166 6 167 11
166 0 167 5
165 0 165 11
161 9 164 11
161 6 164 8
161 3 164 5
161 0 164 2
155 10 160 11
155 8 160 9
155 6 160 7
155 4 160 5
155 2 160 3
155 0 160 1
154 0 154 11
153 0 153 11
152 0 152 11
151 0 151 11
149 6 150 11
149 0 150 5
148 0 148 11
147 0 147 11
146 0 146 11
145 0 145 11
144 0 144 11
143 0 143 11
142 0 142 11
141 0 141 11
140 0 140 11
139 0 139 11
138 0 138 11
137 0 137 11
136 0 136 11
135 0 135 11
133 8 134 11
133 4 134 7
133 0 134 3
132 0 132 11
131 0 131 11
130 0 130 11
128 6 129 11
128 0 129 5
127 0 127 11
125 6 126 11
125 0 126 5
124 0 124 11
112 11 123 11
112 10 123 10
112 9 123 9
112 8 123 8
112 7 123 7
112 6 123 6
112 5 123 5
112 4 123 4
112 3 123 3
112 2 123 2
112 1 123 1
112 0 123 0
110 6 111 11
110 0 111 5
109 0 109 11
108 0 108 11
107 0 107 11
106 0 106 11
105 0 105 11
103 6 104 11
103 0 104 5
102 0 102 11
101 0 101 11
100 0 100 11
99 0 99 11
88 11 98 11
88 10 98 10
88 9 98 9
88 8 98 8
88 7 98 7
88 6 98 6
88 5 98 5
88 4 98 4
88 3 98 3
88 2 98 2
88 1 98 1
88 0 98 0
87 0 87 11
86 0 86 11
84 6 85 11
84 0 85 5
83 0 83 11
82 0 82 11
81 0 81 11
80 0 80 11
79 0 79 11
78 0 78 11
77 0 77 11
76 0 76 11
75 0 75 11
74 0 74 11
73 0 73 11
72 0 72 11
71 0 71 11
70 0 70 11
69 0 69 11
68 0 68 11
67 0 67 11
66 0 66 11
65 0 65 11
64 0 64 11
62 6 63 11
62 0 63 5
61 0 61 11
58 8 60 11
58 4 60 7
58 0 60 3
57 0 57 11
56 0 56 11
55 0 55 11
54 0 54 11
53 0 53 11
52 0 52 11
51 0 51 11
50 0 50 11
49 0 49 11
46 8 48 11
46 4 48 7
46 0 48 3
45 0 45 11
44 0 44 11
43 0 43 11
42 0 42 11
41 0 41 11
39 6 40 11
39 0 40 5
38 0 38 11
37 0 37 11
36 0 36 11
35 0 35 11
33 6 34 11
33 0 34 5
32 0 32 11
31 0 31 11
30 0 30 11
29 0 29 11
28 0 28 11
27 0 27 11
26 0 26 11
25 0 25 11
24 0 24 11
23 0 23 11
22 0 22 11
21 0 21 11
20 0 20 11
19 0 19 11
18 0 18 11
17 0 17 11
16 0 16 11
15 0 15 11
14 0 14 11
13 0 13 11
12 0 12 11
11 0 11 11
10 0 10 11
6 9 9 11
6 6 9 8
6 3 9 5
6 0 9 2
5 0 5 11
4 0 4 11
3 0 3 11
0 8 2 11
0 4 2 7
0 0 2 3
199 12 199 23
193 22 198 23
193 20 198 21
193 18 198 19
193 16 198 17
193 14 198 15
193 12 198 13
192 12 192 23
190 18 191 23
190 12 191 17
189 12 189 23
188 12 188 23
187 12 187 23
186 12 186 23
185 12 185 23
184 12 184 23
183 12 183 23
182 12 182 23
181 12 181 23
180 12 180 23
179 12 179 23
178 12 178 23
176 18 177 23
176 12 177 17
175 12 175 23
174 12 174 23
173 12 173 23
172 12 172 23
171 12 171 23
170 12 170 23
169 12 169 23
168 12 168 23
167 12 167 23
166 12 166 23
165 12 165 23
164 12 164 23
163 12 163 23
162 12 162 23
161 12 161 23
159 18 160 23
159 12 160 17
158 12 158 23
157 12 157 23
156 12 156 23
155 12 155 23
153 18 154 23
153 12 154 17
152 12 152 23
150 18 151 23
150 12 151 17
148 18 149 23
148 12 149 17
146 18 147 23
146 12 147 17
144 18 145 23
144 12 145 17
143 12 143 23
142 12 142 23
141 12 141 23
140 12 140 23
139 12 139 23
138 12 138 23
137 12 137 23
131 22 136 23
131 20 136 21
131 18 136 19
131 16 136 17
131 14 136 15
131 12 136 13
127 21 130 23
127 18 130 20
127 15 130 17
127 12 130 14
126 12 126 23
125 12 125 23
123 12 123 23
122 12 122 23
121 12 121 23
120 12 120 23
119 12 119 23
118 12 118 23
116 18 117 23
116 12 117 17
115 12 115 23
114 12 114 23
112 18 113 23
112 12 113 17
111 12 111 23
110 12 110 23
109 12 109 23
108 12 108 23
107 12 107 23
106 12 106 23
105 12 105 23
104 12 104 23
103 12 103 23
102 12 102 23
101 12 101 23
100 12 100 23
99 12 99 23
98 12 98 23
97 12 97 23
96 12 96 23
95 12 95 23
94 12 94 23
93 12 93 23
92 12 92 23
91 12 91 23
89 18 90 23
87 18 88 23
87 12 88 17
86 12 86 23
85 12 85 23
84 12 84 23
83 12 83 23
82 12 82 23
81 12 81 23
80 12 80 23
79 12 79 23
78 12 78 23
77 12 77 23
76 12 76 23
75 12 75 23
74 12 74 23
73 12 73 23
72 12 72 23
71 12 71 23
70 12 70 23
69 12 69 23
68 12 68 23
67 12 67 23
61 22 66 23
61 20 66 21
61 18 66 19
61 16 66 17
61 14 66 15
61 12 66 13
60 12 60 23
59 12 59 23
58 12 58 23
55 20 57 23
55 17 57 19
55 13 57 16
54 12 54 23
53 12 53 23
52 12 52 23
51 12 51 23
50 12 50 23
49 12 49 23
48 12 48 23
47 12 47 23
46 12 46 23
45 12 45 23
44 12 44 23
43 12 43 23
41 18 42 23
41 12 42 17
40 12 40 23
39 12 39 23
38 12 38 23
37 12 37 23
36 12 36 23
35 12 35 23
33 18 34 23
33 12 34 17
32 12 32 23
31 12 31 23
30 12 30 23
29 12 29 23
28 12 28 23
27 12 27 23
26 12 26 23
25 12 25 23
24 12 24 23
23 12 23 23
22 12 22 23
21 12 21 23
20 12 20 23
19 12 19 23
18 12 18 23
17 12 17 23
16 12 16 23
15 12 15 23
14 12 14 23
13 12 13 23
12 12 12 23
11 12 11 23
10 12 10 23
9 12 9 23
8 12 8 23
7 12 7 23
6 12 6 23
5 12 5 23
4 12 4 23
3 12 3 23
2 12 2 23
1 12 1 23
0 12 0 23
199 24 199 35
198 24 198 35
195 32 197 35
195 28 197 31
195 24 197 27
194 24 194 35
193 24 193 35
192 24 192 35
191 24 191 35
189 30 190 35
189 24 190 29
188 24 188 35
187 24 187 35
186 24 186 35
185 24 185 35
184 24 184 35
183 24 183 35
182 24 182 35
181 24 181 35
180 24 180 35
179 24 179 35
178 24 178 35
176 30 177 35
176 24 177 29
175 24 175 35
174 24 174 35
173 24 173 35
172 24 172 35
171 24 171 35
170 24 170 35
169 24 169 35
168 24 168 35
167 24 167 35
166 24 166 35
165 24 165 35
164 24 164 35
162 30 163 35
162 24 163 29
161 24 161 35
160 24 160 35
159 24 159 35
158 24 158 35
157 24 157 35
156 24 156 35
155 24 155 35
153 30 154 35
153 24 154 29
152 24 152 35
151 24 151 35
150 24 150 35
149 24 149 35
148 24 148 35
147 24 147 35
146 24 146 35
145 24 145 35
144 24 144 35
143 24 143 35
142 24 142 35
141 24 141 35
138 32 140 35
138 28 140 31
138 24 140 27
137 24 137 35
136 24 136 35
135 24 135 35
134 24 134 35
133 24 133 35
132 24 132 35
131 24 131 35
130 24 130 35
129 24 129 35
128 24 128 35
127 24 127 35
126 24 126 35
125 24 125 35
124 24 124 35
123 24 123 35
111 35 122 35
111 34 122 34
111 33 122 33
111 32 122 32
111 31 122 31
111 30 122 30
111 29 122 29
111 28 122 28
111 27 122 27
111 26 122 26
111 25 122 25
111 24 122 24
110 24 110 35
109 24 109 35
106 32 108 35
106 28 108 31
106 24 108 27
105 24 105 35
104 24 104 35
103 24 103 35
101 30 102 35
101 24 102 29
100 24 100 35
99 24 99 35
98 24 98 35
97 24 97 35
96 24 96 35
95 24 95 35
93 30 94 35
93 24 94 29
92 24 92 35
91 24 91 35
90 24 90 35
89 24 89 35
87 30 88 35
87 24 88 29
86 24 86 35
85 24 85 35
83 30 84 35
83 24 84 29
82 24 82 35
81 24 81 35
80 24 80 35
79 24 79 35
78 24 78 35
77 24 77 35
76 24 76 35
75 24 75 35
74 24 74 35
73 24 73 35
72 24 72 35
71 24 71 35
70 24 70 35
69 24 69 35
68 24 68 35
67 24 67 35
66 24 66 35
63 32 65 35
63 28 65 31
63 24 65 27
61 30 62 35
61 24 62 29
60 24 60 35
59 24 59 35
58 24 58 35
57 24 57 35
55 30 56 35
55 24 56 29
54 24 54 35
53 24 53 35
52 24 52 35
51 24 51 35
50 24 50 35
49 24 49 35
48 24 48 35
47 24 47 35
46 24 46 35
45 24 45 35
44 24 44 35
43 24 43 35
42 24 42 35
41 24 41 35
40 24 40 35
39 24 39 35
38 24 38 35
37 24 37 35
36 24 36 35
35 24 35 35
33 30 34 35
33 24 34 29
31 30 32 35
31 24 32 29
27 33 30 35
27 30 30 32
27 28 30 29
27 26 30 27
27 24 30 25
26 24 26 35
25 24 25 35
24 24 24 35
23 24 23 35
22 24 22 35
21 24 21 35
20 24 20 35
19 24 19 35
18 24 18 35
17 24 17 35
16 24 16 35
15 24 15 35
14 24 14 35
13 24 13 35
12 24 12 35
11 24 11 35
10 24 10 35
9 24 9 35
8 24 8 35
7 24 7 35
6 24 6 35
5 24 5 35
4 24 4 35
3 24 3 35
2 24 2 35
1 24 1 35
0 24 0 35
199 36 199 47
197 42 198 47
197 36 198 41
196 36 196 47
195 36 195 47
192 44 194 47
192 40 194 43
192 36 194 39
191 36 191 47
190 36 190 47
189 36 189 47
188 36 188 47
187 36 187 47
185 42 186 47
185 36 186 41
184 36 184 47
183 36 183 47
182 36 182 47
181 36 181 47
180 36 180 47
179 36 179 47
178 36 178 47
177 36 177 47
176 36 176 47
175 36 175 47
174 36 174 47
173 36 173 47
172 36 172 47
171 36 171 47
169 42 170 47
169 36 170 41
168 36 168 47
167 36 167 47
165 42 166 47
165 36 166 41
164 36 164 47
163 36 163 47
162 36 162 47
161 36 161 47
160 36 160 47
159 36 159 47
158 36 158 47
157 36 157 47
156 36 156 47
155 36 155 47
154 36 154 47
153 36 153 47
151 42 152 47
151 36 152 41
150 36 150 47
144 46 149 47
144 44 149 45
144 42 149 43
144 40 149 41
144 38 149 39
144 36 149 37
143 36 143 47
142 36 142 47
141 36 141 47
140 36 140 47
139 36 139 47
138 36 138 47
137 36 137 47
125 47 136 47
125 46 136 46
125 45 136 45
125 44 136 44
125 43 136 43
125 42 136 42
125 41 136 41
125 40 136 40
125 39 136 39
125 38 136 38
125 37 136 37
125 36 136 36
124 36 124 47
123 36 123 47
122 36 122 47
121 36 121 47
120 36 120 47
119 36 119 47
115 45 118 47
115 42 118 44
115 39 118 41
115 36 118 38
114 36 114 47
108 46 113 47
108 44 113 45
108 42 113 43
108 40 113 41
108 38 113 39
108 36 113 37
107 36 107 47
106 36 106 47
105 36 105 47
104 36 104 47
103 36 103 47
102 36 102 47
101 36 101 47
100 36 100 47
99 36 99 47
98 36 98 47
97 36 97 47
95 42 96 47
95 36 96 41
94 36 94 47
93 36 93 47
92 36 92 47
91 36 91 47
90 36 90 47
89 36 89 47
88 36 88 47
87 36 87 47
86 36 86 47
85 36 85 47
84 36 84 47
83 36 83 47
82 36 82 47
81 36 81 47
80 36 80 47
79 36 79 47
78 36 78 47
77 36 77 47
76 36 76 47
74 42 75 47
74 36 75 41
72 42 73 47
72 36 73 41
71 36 71 47
70 36 70 47
69 36 69 47
67 42 68 47
67 36 68 41
66 36 66 47
65 36 65 47
64 36 64 47
63 36 63 47
62 36 62 47
61 36 61 47
60 36 60 47
59 36 59 47
58 36 58 47
57 36 57 47
56 36 56 47
55 36 55 47
54 36 54 47
53 36 53 47
51 42 52 47
51 36 52 41
50 36 50 47
48 42 49 47
48 36 49 41
47 36 47 47
46 36 46 47
45 36 45 47
44 36 44 47
42 42 43 47
42 36 43 41
41 36 41 47
40 36 40 47
39 36 39 47
38 36 38 47
37 36 37 47
36 36 36 47
35 36 35 47
34 36 34 47
33 36 33 47
32 36 32 47
31 36 31 47
30 36 30 47
29 36 29 47
28 36 28 47
27 36 27 47
26 36 26 47
25 36 25 47
24 36 24 47
23 36 23 47
22 36 22 47
21 36 21 47
17 45 20 47
17 42 20 44
17 39 20 41
17 36 20 38
16 36 16 47
15 36 15 47
14 36 14 47
13 36 13 47
7 46 12 47
7 44 12 45
7 42 12 43
7 40 12 41
7 38 12 39
7 36 12 37
6 36 6 47
5 36 5 47
4 36 4 47
3 36 3 47
2 36 2 47
1 36 1 47
0 36 0 47
199 48 199 59
197 54 198 59
197 48 198 53
196 48 196 59
195 48 195 59
194 48 194 59
193 48 193 59
192 48 192 59
191 48 191 59
190 48 190 59
189 48 189 59
188 48 188 59
187 48 187 59
186 48 186 59
185 48 185 59
184 48 184 59
180 57 183 59
180 54 183 56
180 51 183 53
180 48 183 50
179 48 179 59
178 48 178 59
177 48 177 59
176 48 176 59
175 48 175 59
174 48 174 59
173 48 173 59
172 48 172 59
171 48 171 59
170 48 170 59
168 54 169 59
168 48 169 53
167 48 167 59
166 48 166 59
165 48 165 59
164 48 164 59
162 54 163 59
162 48 163 53
161 48 161 59
160 48 160 59
159 48 159 59
158 48 158 59
157 48 157 59
156 48 156 59
155 48 155 59
154 48 154 59
153 48 153 59
152 48 152 59
151 48 151 59
150 48 150 59
149 48 149 59
148 48 148 59
146 54 147 59
146 48 147 53
145 48 145 59
133 59 144 59
133 58 144 58
133 57 144 57
133 56 144 56
133 55 144 55
133 54 144 54
133 53 144 53
133 52 144 52
133 51 144 51
133 50 144 50
133 49 144 49
133 48 144 48
132 48 132 59
131 48 131 59
130 48 130 59
129 48 129 59
128 48 128 59
127 48 127 59
125 54 126 59
125 48 126 53
124 48 124 59
123 48 123 59
121 54 122 59
121 48 122 53
120 48 120 59
119 48 119 59
118 48 118 59
117 48 117 59
116 48 116 59
115 48 115 59
114 48 114 59
113 48 113 59
112 48 112 59
111 48 111 59
110 48 110 59
109 48 109 59
108 48 108 59
107 48 107 59
106 48 106 59
105 48 105 59
104 48 104 59
103 48 103 59
102 48 102 59
101 48 101 59
100 48 100 59
99 48 99 59
98 48 98 59
97 48 97 59
96 48 96 59
95 48 95 59
94 48 94 59
93 48 93 59
92 48 92 59
91 48 91 59
90 48 90 59
88 54 89 59
88 48 89 53
87 48 87 59
86 48 86 59
85 48 85 59
84 48 84 59
83 48 83 59
82 48 82 59
81 48 81 59
80 48 80 59
79 48 79 59
78 48 78 59
77 48 77 59
73 58 76 59
73 56 76 57
73 54 76 55
73 51 76 53
73 48 76 50
72 48 72 59
71 48 71 59
70 48 70 59
69 48 69 59
68 48 68 59
67 48 67 59
64 56 66 59
64 52 66 55
64 48 66 51
63 48 63 59
62 48 62 59
61 48 61 59
60 48 60 59
59 48 59 59
58 48 58 59
57 48 57 59
56 48 56 59
55 48 55 59
53 54 54 59
53 48 54 53
52 48 52 59
51 48 51 59
50 48 50 59
48 54 49 59
48 48 49 53
47 48 47 59
44 56 46 59
44 52 46 55
44 48 46 51
43 48 43 59
42 48 42 59
41 48 41 59
40 48 40 59
39 48 39 59
38 48 38 59
36 54 37 59
36 48 37 53
35 48 35 59
34 48 34 59
33 48 33 59
32 48 32 59
29 56 31 59
29 52 31 55
29 48 31 51
28 48 28 59
22 58 27 59
22 56 27 57
22 54 27 55
22 52 27 53
22 50 27 51
22 48 27 49
21 48 21 59
20 48 20 59
19 48 19 59
18 48 18 59
17 48 17 59
16 48 16 59
15 48 15 59
14 48 14 59
13 48 13 59
7 58 12 59
7 56 12 57
7 54 12 55
7 52 12 53
7 50 12 51
7 48 12 49
6 48 6 59
5 48 5 59
4 48 4 59
3 48 3 59
2 48 2 59
1 48 1 59
0 48 0 59
199 60 199 71
198 60 198 71
197 60 197 71
196 60 196 71
195 60 195 71
194 60 194 71
193 60 193 71
192 60 192 71
191 60 191 71
190 60 190 71
189 60 189 71
188 60 188 71
187 60 187 71
186 60 186 71
185 60 185 71
184 60 184 71
183 60 183 71
182 60 182 71
181 60 181 71
180 60 180 71
179 60 179 71
178 60 178 71
177 60 177 71
176 60 176 71
175 60 175 71
174 60 174 71
173 60 173 71
172 60 172 71
171 60 171 71
170 60 170 71
169 60 169 71
166 68 168 71
166 64 168 67
166 60 168 63
165 60 165 71
163 66 164 71
163 60 164 65
157 70 162 71
157 68 162 69
157 66 162 67
157 64 162 65
157 62 162 63
157 60 162 61
156 60 156 71
155 60 155 71
153 66 154 71
153 60 154 65
152 60 152 71
151 60 151 71
150 60 150 71
149 60 149 71
148 60 148 71
147 60 147 71
146 60 146 71
145 60 145 71
144 60 144 71
142 66 143 71
142 60 143 65
141 60 141 71
140 60 140 71
138 66 139 71
138 60 139 65
137 60 137 71
136 60 136 71
135 60 135 71
134 60 134 71
133 60 133 71
132 60 132 71
131 60 131 71
130 60 130 71
129 60 129 71
128 60 128 71
127 60 127 71
126 60 126 71
122 69 125 71
122 66 125 68
122 63 125 65
122 60 125 62
121 60 121 71
120 60 120 71
119 60 119 71
118 60 118 71
117 60 117 71
116 60 116 71
115 60 115 71
114 60 114 71
113 60 113 71
112 60 112 71
110 66 111 71
110 60 111 65
109 60 109 71
108 60 108 71
107 60 107 71
104 68 106 71
104 64 106 67
104 60 106 63
103 60 103 71
101 60 101 71
100 60 100 71
99 60 99 71
98 60 98 71
97 60 97 71
95 66 96 71
95 60 96 65
94 60 94 71
93 60 93 71
92 60 92 71
91 60 91 71
90 60 90 71
89 60 89 71
88 60 88 71
87 60 87 71
84 68 86 71
84 64 86 67
84 60 86 63
83 60 83 71
82 60 82 71
80 66 81 71
80 60 81 65
79 60 79 71
78 60 78 71
77 60 77 71
73 69 76 71
73 66 76 68
73 63 76 65
73 60 76 62
72 60 72 71
71 60 71 71
70 60 70 71
69 60 69 71
68 60 68 71
67 60 67 71
64 68 66 71
64 64 66 67
64 60 66 63
63 60 63 71
62 60 62 71
61 60 61 71
60 60 60 71
59 60 59 71
58 60 58 71
57 60 57 71
56 60 56 71
44 71 55 71
44 70 55 70
44 69 55 69
44 68 55 68
44 67 55 67
44 66 55 66
44 65 55 65
44 64 55 64
44 63 55 63
44 62 55 62
44 61 55 61
44 60 55 60
42 66 43 71
42 60 43 65
41 60 41 71
40 60 40 71
39 60 39 71
38 60 38 71
37 60 37 71
36 60 36 71
35 60 35 71
34 60 34 71
32 66 33 71
32 60 33 65
31 60 31 71
30 60 30 71
29 60 29 71
28 60 28 71
27 60 27 71
26 60 26 71
25 60 25 71
24 60 24 71
23 60 23 71
22 60 22 71
21 60 21 71
20 60 20 71
19 60 19 71
18 60 18 71
17 60 17 71
16 60 16 71
15 60 15 71
14 60 14 71
13 60 13 71
12 60 12 71
11 60 11 71
10 60 10 71
8 66 9 71
8 60 9 65
7 60 7 71
4 68 6 71
4 64 6 67
4 60 6 63
3 60 3 71
2 60 2 71
1 60 1 71
0 60 0 71
194 82 199 83
194 80 199 81
194 78 199 79
194 76 199 77
194 74 199 75
194 72 199 73
193 72 193 83
192 72 192 83
191 72 191 83
190 72 190 83
189 72 189 83
188 72 188 83
187 72 187 83
186 72 186 83
185 72 185 83
183 78 184 83
183 72 184 77
182 72 182 83
181 72 181 83
180 72 180 83
179 72 179 83
178 72 178 83
177 72 177 83
176 72 176 83
175 72 175 83
174 72 174 83
173 72 173 83
172 72 172 83
171 72 171 83
170 72 170 83
169 72 169 83
168 72 168 83
167 72 167 83
165 78 166 83
165 72 166 77
164 72 164 83
162 78 163 83
162 72 163 77
159 80 161 83
159 76 161 79
159 72 161 75
158 72 158 83
155 80 157 83
155 76 157 79
155 72 157 75
154 72 154 83
152 78 153 83
152 72 153 77
151 72 151 83
150 72 150 83
149 72 149 83
146 80 148 83
146 76 148 79
146 72 148 75
145 72 145 83
144 72 144 83
143 72 143 83
142 72 142 83
141 72 141 83
140 72 140 83
137 80 139 83
137 76 139 79
137 72 139 75
136 72 136 83
135 72 135 83
134 72 134 83
128 82 133 83
128 80 133 81
128 78 133 79
128 76 133 77
128 74 133 75
128 72 133 73
127 72 127 83
126 72 126 83
125 72 125 83
123 78 124 83
123 72 124 77
122 72 122 83
121 72 121 83
120 72 120 83
119 72 119 83
118 72 118 83
117 72 117 83
116 72 116 83
114 78 115 83
114 72 115 77
113 72 113 83
112 72 112 83
111 72 111 83
110 72 110 83
109 72 109 83
108 72 108 83
107 72 107 83
106 72 106 83
104 78 105 83
104 72 105 77
103 72 103 83
102 72 102 83
101 72 101 83
100 72 100 83
98 78 99 83
98 72 99 77
97 72 97 83
96 72 96 83
95 72 95 83
94 72 94 83
92 78 93 83
92 72 93 77
91 72 91 83
90 72 90 83
89 72 89 83
88 72 88 83
87 72 87 83
86 72 86 83
85 72 85 83
84 72 84 83
83 72 83 83
82 72 82 83
80 78 81 83
80 72 81 77
77 80 79 83
77 76 79 79
77 72 79 75
76 72 76 83
75 72 75 83
74 72 74 83
73 72 73 83
72 72 72 83
71 72 71 83
70 72 70 83
69 72 69 83
68 72 68 83
67 72 67 83
66 72 66 83
65 72 65 83
62 80 64 83
62 76 64 79
62 72 64 75
61 72 61 83
60 72 60 83
59 72 59 83
58 72 58 83
57 72 57 83
56 72 56 83
54 78 55 83
54 72 55 77
53 72 53 83
52 72 52 83
51 72 51 83
50 72 50 83
49 72 49 83
48 72 48 83
47 72 47 83
46 72 46 83
45 72 45 83
44 72 44 83
43 72 43 83
42 72 42 83
41 72 41 83
40 72 40 83
38 78 39 83
38 72 39 77
37 72 37 83
36 72 36 83
35 72 35 83
34 72 34 83
33 72 33 83
31 78 32 83
31 72 32 77
30 72 30 83
29 72 29 83
28 72 28 83
25 80 27 83
25 76 27 79
25 72 27 75
24 72 24 83
23 72 23 83
22 72 22 83
21 72 21 83
20 72 20 83
19 72 19 83
18 72 18 83
17 72 17 83
16 72 16 83
15 72 15 83
14 72 14 83
13 72 13 83
12 72 12 83
11 72 11 83
10 72 10 83
9 72 9 83
8 72 8 83
7 72 7 83
6 72 6 83
5 72 5 83
4 72 4 83
3 72 3 83
2 72 2 83
1 72 1 83
0 72 0 83
199 84 199 95
198 84 198 95
195 92 197 95
195 88 197 91
195 84 197 87
194 84 194 95
192 90 193 95
192 84 193 89
191 84 191 95
190 84 190 95
189 84 189 95
188 84 188 95
187 84 187 95
186 84 186 95
185 84 185 95
184 84 184 95
183 84 183 95
182 84 182 95
181 84 181 95
180 84 180 95
179 84 179 95
178 84 178 95
177 84 177 95
176 84 176 95
173 92 175 95
173 88 175 91
173 84 175 87
171 90 172 95
171 84 172 89
170 84 170 95
167 92 169 95
167 88 169 91
167 84 169 87
166 84 166 95
164 90 165 95
164 84 165 89
163 84 163 95
162 84 162 95
161 84 161 95
160 84 160 95
148 95 159 95
148 94 159 94
148 93 159 93
148 92 159 92
148 91 159 91
148 90 159 90
148 89 159 89
148 88 159 88
148 87 159 87
148 86 159 86
148 85 159 85
148 84 159 84
147 84 147 95
146 84 146 95
145 84 145 95
142 92 144 95
142 88 144 91
142 84 144 87
141 84 141 95
140 84 140 95
137 92 139 95
137 88 139 91
137 84 139 87
136 84 136 95
134 90 135 95
134 84 135 89
133 84 133 95
131 90 132 95
131 84 132 89
130 84 130 95
129 84 129 95
128 84 128 95
125 92 127 95
125 88 127 91
125 84 127 87
124 84 124 95
123 84 123 95
122 84 122 95
121 84 121 95
120 84 120 95
119 84 119 95
117 90 118 95
117 84 118 89
116 84 116 95
115 84 115 95
114 84 114 95
113 84 113 95
112 84 112 95
106 94 111 95
106 92 111 93
106 90 111 91
106 88 111 89
106 86 111 87
106 84 111 85
105 84 105 95
104 84 104 95
103 84 103 95
102 84 102 95
100 90 101 95
100 84 101 89
99 84 99 95
98 84 98 95
96 90 97 95
96 84 97 89
95 84 95 95
94 84 94 95
93 84 93 95
92 84 92 95
89 93 91 95
89 90 91 92
89 87 91 89
89 84 91 86
88 84 88 95
87 84 87 95
86 84 86 95
84 90 85 95
84 84 85 89
83 84 83 95
82 84 82 95
81 84 81 95
80 84 80 95
69 95 79 95
69 94 79 94
69 93 79 93
69 92 79 92
69 91 79 91
69 90 79 90
69 89 79 89
69 88 79 88
69 87 79 87
69 86 79 86
69 85 79 85
69 84 79 84
68 84 68 95
67 84 67 95
65 90 66 95
65 84 66 89
63 90 64 95
63 84 64 89
62 84 62 95
61 84 61 95
60 84 60 95
59 84 59 95
58 84 58 95
57 84 57 95
56 84 56 95
55 84 55 95
54 84 54 95
53 84 53 95
52 84 52 95
51 84 51 95
50 84 50 95
49 84 49 95
48 84 48 95
47 84 47 95
46 84 46 95
45 84 45 95
44 84 44 95
43 84 43 95
42 84 42 95
41 84 41 95
40 84 40 95
39 84 39 95
38 84 38 95
37 84 37 95
36 84 36 95
34 90 35 95
34 84 35 89
33 84 33 95
32 84 32 95
31 84 31 95
30 84 30 95
28 90 29 95
28 84 29 89
27 84 27 95
26 84 26 95
25 84 25 95
24 84 24 95
23 84 23 95
22 84 22 95
21 84 21 95
20 84 20 95
16 93 19 95
16 90 19 92
16 87 19 89
16 84 19 86
15 84 15 95
14 84 14 95
13 84 13 95
12 84 12 95
11 84 11 95
10 84 10 95
9 84 9 95
8 84 8 95
7 84 7 95
6 84 6 95
5 84 5 95
4 84 4 95
3 84 3 95
2 84 2 95
1 84 1 95
0 84 0 95
198 102 199 107
198 96 199 101
197 96 197 107
196 96 196 107
195 96 195 107
194 96 194 107
193 96 193 107
192 96 192 107
191 96 191 107
190 96 190 107
188 102 189 107
188 96 189 101
187 96 187 107
186 96 186 107
185 96 185 107
184 96 184 107
183 96 183 107
182 96 182 107
181 96 181 107
180 96 180 107
179 96 179 107
178 96 178 107
177 96 177 107
176 96 176 107
174 102 175 107
174 96 175 101
170 105 173 107
170 102 173 104
170 99 173 101
170 96 173 98
169 96 169 107
168 96 168 107
167 96 167 107
166 96 166 107
165 96 165 107
164 96 164 107
163 96 163 107
162 96 162 107
161 96 161 107
160 96 160 107
159 96 159 107
158 96 158 107
157 96 157 107
156 96 156 107
155 96 155 107
154 96 154 107
153 96 153 107
147 106 152 107
147 104 152 105
147 102 152 103
147 100 152 101
147 98 152 99
147 96 152 97
145 102 146 107
145 96 146 101
139 106 144 107
139 104 144 105
139 102 144 103
139 100 144 101
139 98 144 99
139 96 144 97
137 102 138 107
137 96 138 101
136 96 136 107
135 96 135 107
134 96 134 107
131 104 133 107
131 100 133 103
131 96 133 99
130 96 130 107
129 96 129 107
128 96 128 107
127 96 127 107
126 96 126 107
125 96 125 107
122 104 124 107
122 100 124 103
122 96 124 99
121 96 121 107
120 96 120 107
119 96 119 107
118 96 118 107
117 96 117 107
116 96 116 107
115 96 115 107
114 96 114 107
113 96 113 107
112 96 112 107
111 96 111 107
110 96 110 107
109 96 109 107
108 96 108 107
107 96 107 107
106 96 106 107
105 96 105 107
104 96 104 107
103 96 103 107
100 104 102 107
100 100 102 103
100 96 102 99
99 96 99 107
98 96 98 107
97 96 97 107
96 96 96 107
94 102 95 107
94 96 95 101
93 96 93 107
92 96 92 107
91 96 91 107
90 96 90 107
89 96 89 107
88 96 88 107
87 96 87 107
86 96 86 107
85 96 85 107
84 96 84 107
83 96 83 107
82 96 82 107
81 96 81 107
80 96 80 107
79 96 79 107
78 96 78 107
75 104 77 107
75 100 77 103
75 96 77 99
74 96 74 107
73 96 73 107
72 96 72 107
71 96 71 107
69 102 70 107
69 96 70 101
68 96 68 107
67 96 67 107
66 96 66 107
65 96 65 107
64 96 64 107
63 96 63 107
61 102 62 107
61 96 62 101
58 104 60 107
58 100 60 103
58 96 60 99
57 96 57 107
56 96 56 107
55 96 55 107
54 96 54 107
53 96 53 107
52 96 52 107
51 96 51 107
50 96 50 107
49 96 49 107
48 96 48 107
47 96 47 107
42 106 46 107
42 104 46 105
42 102 46 103
42 100 46 101
42 98 46 99
42 96 46 97
36 106 41 107
36 104 41 105
36 102 41 103
36 100 41 101
36 98 41 99
36 96 41 97
35 96 35 107
33 102 34 107
33 96 34 101
32 96 32 107
31 96 31 107
30 96 30 107
29 96 29 107
28 96 28 107
25 104 27 107
25 100 27 103
25 96 27 99
24 96 24 107
23 96 23 107
22 96 22 107
21 96 21 107
20 96 20 107
19 96 19 107
18 96 18 107
17 96 17 107
16 96 16 107
15 96 15 107
3 107 14 107
3 106 14 106
3 105 14 105
3 104 14 104
3 103 14 103
3 102 14 102
3 101 14 101
3 100 14 100
3 99 14 99
3 98 14 98
3 97 14 97
3 96 14 96
2 96 2 107
1 96 1 107
0 96 0 107
198 114 199 119
198 108 199 113
197 108 197 119
196 108 196 119
195 108 195 119
194 108 194 119
193 108 193 119
192 108 192 119
191 108 191 119
180 119 190 119
180 118 190 118
180 117 190 117
180 116 190 116
180 115 190 115
180 114 190 114
180 113 190 113
180 112 190 112
180 111 190 111
180 110 190 110
180 109 190 109
180 108 190 108
179 108 179 119
178 108 178 119
177 108 177 119
176 108 176 119
175 108 175 119
174 108 174 119
172 114 173 119
172 108 173 113
171 108 171 119
170 108 170 119
168 114 169 119
168 108 169 113
167 108 167 119
166 108 166 119
165 108 165 119
164 108 164 119
163 108 163 119
162 108 162 119
161 108 161 119
160 108 160 119
159 108 159 119
158 108 158 119
157 108 157 119
156 108 156 119
155 108 155 119
154 108 154 119
153 108 153 119
152 108 152 119
151 108 151 119
149 114 150 119
149 108 150 113
148 108 148 119
147 108 147 119
146 108 146 119
145 108 145 119
144 108 144 119
143 108 143 119
142 108 142 119
141 108 141 119
140 108 140 119
137 116 139 119
137 112 139 115
137 108 139 111
136 108 136 119
135 108 135 119
134 108 134 119
132 108 132 119
131 108 131 119
130 108 130 119
129 108 129 119
128 108 128 119
127 108 127 119
126 108 126 119
125 108 125 119
124 108 124 119
123 108 123 119
122 108 122 119
116 118 121 119
116 116 121 117
116 114 121 115
116 112 121 113
116 110 121 111
116 108 121 109
115 108 115 119
114 108 114 119
113 108 113 119
112 108 112 119
111 108 111 119
110 108 110 119
109 108 109 119
108 108 108 119
107 108 107 119
106 108 106 119
105 108 105 119
103 114 104 119
103 108 104 113
99 118 102 119
99 115 102 117
99 112 102 114
99 109 102 111
96 114 97 119
96 108 97 113
95 108 95 119
94 108 94 119
93 108 93 119
91 114 92 119
91 108 92 113
90 108 90 119
89 108 89 119
88 108 88 119
87 108 87 119
85 114 86 119
85 108 86 113
84 108 84 119
83 108 83 119
82 108 82 119
81 108 81 119
80 108 80 119
79 108 79 119
76 116 78 119
76 112 78 115
76 108 78 111
75 108 75 119
74 108 74 119
73 108 73 119
72 108 72 119
71 108 71 119
70 108 70 119
64 118 69 119
64 116 69 117
64 114 69 115
64 112 69 113
64 110 69 111
64 108 69 109
63 108 63 119
62 108 62 119
61 108 61 119
49 119 60 119
49 118 60 118
49 117 60 117
49 116 60 116
49 115 60 115
49 114 60 114
49 113 60 113
49 112 60 112
49 111 60 111
49 110 60 110
49 109 60 109
49 108 60 108
45 117 48 119
45 115 48 116
45 112 48 114
45 110 48 111
45 108 48 109
44 108 44 119
43 108 43 119
42 108 42 119
40 114 41 119
40 108 41 113
34 118 39 119
34 116 39 117
34 114 39 115
34 112 39 113
34 110 39 111
34 108 39 109
33 108 33 119
30 116 32 119
30 112 32 115
30 108 32 111
29 108 29 119
28 108 28 119
27 108 27 119
23 117 26 119
23 114 26 116
23 111 26 113
23 108 26 110
22 108 22 119
21 108 21 119
20 108 20 119
18 114 19 119
18 108 19 113
15 116 17 119
15 112 17 115
15 108 17 111
14 108 14 119
13 108 13 119
12 108 12 119
10 114 11 119
10 108 11 113
9 108 9 119
8 108 8 119
7 108 7 119
6 108 6 119
5 108 5 119
4 108 4 119
3 108 3 119
2 108 2 119
1 108 1 119
0 108 0 119
198 126 199 131
198 120 199 125
197 120 197 131
196 120 196 131
192 129 195 131
192 126 195 128
192 123 195 125
192 120 195 122
191 120 191 131
188 128 190 131
188 124 190 127
188 120 190 123
187 120 187 131
186 120 186 131
185 120 185 131
184 120 184 131
183 120 183 131
181 126 182 131
181 120 182 125
180 120 180 131
177 128 179 131
177 124 179 127
177 120 179 123
176 120 176 131
175 120 175 131
174 120 174 131
173 120 173 131
172 120 172 131
171 120 171 131
168 128 170 131
168 124 170 127
168 120 170 123
167 120 167 131
163 129 166 131
163 126 166 128
163 123 166 125
163 120 166 122
161 126 162 131
161 120 162 125
160 120 160 131
159 120 159 131
158 120 158 131
156 126 157 131
156 120 157 125
155 120 155 131
154 120 154 131
153 120 153 131
152 120 152 131
151 120 151 131
150 120 150 131
149 120 149 131
148 120 148 131
147 120 147 131
146 120 146 131
143 128 145 131
143 124 145 127
143 120 145 123
142 120 142 131
141 120 141 131
140 120 140 131
139 120 139 131
138 120 138 131
134 129 137 131
134 126 137 128
134 123 137 125
134 120 137 122
133 120 133 131
132 120 132 131
129 128 131 131
129 124 131 127
129 120 131 123
126 128 128 131
126 124 128 127
126 120 128 123
125 120 125 131
124 120 124 131
123 120 123 131
122 120 122 131
121 120 121 131
120 120 120 131
119 120 119 131
118 120 118 131
117 120 117 131
116 120 116 131
115 120 115 131
114 120 114 131
113 120 113 131
112 120 112 131
111 120 111 131
110 120 110 131
109 120 109 131
108 120 108 131
107 120 107 131
106 120 106 131
105 120 105 131
104 120 104 131
101 128 103 131
101 124 103 127
101 120 103 123
100 120 100 131
99 120 99 131
98 120 98 131
97 120 97 131
96 120 96 131
95 120 95 131
94 120 94 131
93 120 93 131
92 120 92 131
91 120 91 131
90 120 90 131
89 120 89 131
88 120 88 131
87 120 87 131
83 129 86 131
83 126 86 128
83 123 86 125
83 120 86 122
82 120 82 131
81 120 81 131
80 120 80 131
79 120 79 131
78 120 78 131
77 120 77 131
76 120 76 131
75 120 75 131
74 120 74 131
73 120 73 131
72 120 72 131
71 120 71 131
70 120 70 131
69 120 69 131
68 120 68 131
67 120 67 131
66 120 66 131
64 126 65 131
64 120 65 125
63 120 63 131
59 129 62 131
59 126 62 128
59 123 62 125
59 120 62 122
58 120 58 131
57 120 57 131
56 120 56 131
55 120 55 131
54 120 54 131
53 120 53 131
51 126 52 131
51 120 52 125
50 120 50 131
49 120 49 131
48 120 48 131
47 120 47 131
46 120 46 131
45 120 45 131
44 120 44 131
43 120 43 131
42 120 42 131
41 120 41 131
40 120 40 131
39 120 39 131
36 128 38 131
36 124 38 127
36 120 38 123
35 120 35 131
34 120 34 131
33 120 33 131
32 120 32 131
31 120 31 131
30 120 30 131
29 120 29 131
27 126 28 131
27 120 28 125
26 120 26 131
25 120 25 131
24 120 24 131
23 120 23 131
22 120 22 131
21 120 21 131
18 128 20 131
18 124 20 127
18 120 20 123
17 120 17 131
16 120 16 131
15 120 15 131
14 120 14 131
13 120 13 131
10 128 12 131
10 124 12 127
10 120 12 123
9 120 9 131
8 120 8 131
7 120 7 131
6 120 6 131
5 120 5 131
4 120 4 131
3 120 3 131
2 120 2 131
1 120 1 131
0 120 0 131
196 141 199 143
196 138 199 140
196 135 199 137
196 132 199 134
194 139 195 143
194 133 195 138
193 132 193 143
192 132 192 143
191 132 191 143
190 132 190 143
188 138 189 143
188 132 189 137
187 132 187 143
185 138 186 143
185 132 186 137
184 132 184 143
182 138 183 143
182 132 183 137
180 138 181 143
180 132 181 137
179 132 179 143
178 132 178 143
177 132 177 143
176 132 176 143
175 132 175 143
174 132 174 143
173 132 173 143
172 132 172 143
171 132 171 143
168 140 170 143
168 136 170 139
168 132 170 135
167 132 167 143
165 132 165 143
164 132 164 143
163 132 163 143
162 132 162 143
161 132 161 143
160 132 160 143
158 138 159 143
158 132 159 137
157 132 157 143
156 132 156 143
155 132 155 143
154 132 154 143
152 138 153 143
152 132 153 137
151 132 151 143
150 132 150 143
147 140 149 143
147 136 149 139
147 132 149 135
146 132 146 143
145 132 145 143
144 132 144 143
143 132 143 143
142 132 142 143
141 132 141 143
140 132 140 143
139 132 139 143
138 132 138 143
137 132 137 143
136 132 136 143
135 132 135 143
129 142 134 143
129 140 134 141
129 138 134 139
129 136 134 137
129 134 134 135
129 132 134 133
128 132 128 143
127 132 127 143
126 132 126 143
125 132 125 143
124 132 124 143
123 132 123 143
122 132 122 143
121 132 121 143
120 132 120 143
119 132 119 143
118 132 118 143
117 132 117 143
116 132 116 143
115 132 115 143
114 132 114 143
113 132 113 143
112 132 112 143
111 132 111 143
110 132 110 143
104 142 109 143
104 140 109 141
104 138 109 139
104 136 109 137
104 134 109 135
104 132 109 133
103 132 103 143
102 132 102 143
101 132 101 143
100 132 100 143
99 132 99 143
98 132 98 143
97 132 97 143
96 132 96 143
95 132 95 143
94 132 94 143
93 132 93 143
92 132 92 143
91 132 91 143
90 132 90 143
88 138 89 143
88 132 89 137
86 138 87 143
86 132 87 137
85 132 85 143
84 132 84 143
83 132 83 143
82 132 82 143
81 132 81 143
80 132 80 143
79 132 79 143
78 132 78 143
77 132 77 143
76 132 76 143
75 132 75 143
74 132 74 143
73 132 73 143
72 132 72 143
71 132 71 143
70 132 70 143
69 132 69 143
68 132 68 143
67 132 67 143
66 132 66 143
65 132 65 143
64 132 64 143
63 132 63 143
62 132 62 143
61 132 61 143
60 132 60 143
59 132 59 143
56 140 58 143
56 136 58 139
56 132 58 135
55 132 55 143
54 132 54 143
53 132 53 143
52 132 52 143
51 132 51 143
50 132 50 143
48 138 49 143
48 132 49 137
45 140 47 143
45 136 47 139
45 132 47 135
44 132 44 143
43 132 43 143
42 132 42 143
41 132 41 143
40 132 40 143
39 132 39 143
38 132 38 143
37 132 37 143
36 132 36 143
35 132 35 143
34 132 34 143
30 141 33 143
30 138 33 140
30 135 33 137
30 132 33 134
29 132 29 143
26 140 28 143
26 136 28 139
26 132 28 135
25 132 25 143
24 132 24 143
23 132 23 143
22 132 22 143
21 132 21 143
19 138 20 143
19 132 20 137
18 132 18 143
17 132 17 143
16 132 16 143
15 132 15 143
13 138 14 143
13 132 14 137
12 132 12 143
11 132 11 143
10 132 10 143
9 132 9 143
8 132 8 143
7 132 7 143
6 132 6 143
5 132 5 143
4 132 4 143
3 132 3 143
2 132 2 143
1 132 1 143
0 132 0 143
199 144 199 155
197 150 198 155
197 144 198 149
195 150 196 155
195 144 196 149
193 150 194 155
193 144 194 149
192 144 192 155
190 150 191 155
190 144 191 149
189 144 189 155
188 144 188 155
187 144 187 155
186 144 186 155
185 144 185 155
182 152 184 155
182 148 184 151
182 144 184 147
181 144 181 155
180 144 180 155
179 144 179 155
176 152 178 155
176 148 178 151
176 144 178 147
175 144 175 155
174 144 174 155
173 144 173 155
172 144 172 155
171 144 171 155
170 144 170 155
169 144 169 155
167 150 168 155
167 144 168 149
163 153 166 155
163 150 166 152
163 147 166 149
163 144 166 146
162 144 162 155
161 144 161 155
160 144 160 155
158 150 159 155
158 144 159 149
157 144 157 155
156 144 156 155
155 144 155 155
154 144 154 155
153 144 153 155
152 144 152 155
151 144 151 155
149 150 150 155
149 144 150 149
148 144 148 155
146 150 147 155
146 144 147 149
145 144 145 155
144 144 144 155
143 144 143 155
142 144 142 155
141 144 141 155
140 144 140 155
137 152 139 155
137 148 139 151
137 144 139 147
136 144 136 155
135 144 135 155
134 144 134 155
133 144 133 155
132 144 132 155
131 144 131 155
130 144 130 155
128 150 129 155
128 144 129 149
127 144 127 155
126 144 126 155
124 150 125 155
124 144 125 149
122 150 123 155
122 144 123 149
120 152 121 155
120 148 121 151
120 144 121 147
119 144 119 155
118 144 118 155
117 144 117 155
116 144 116 155
115 144 115 155
114 144 114 155
110 153 113 155
110 150 113 152
110 147 113 149
110 144 113 146
109 144 109 155
108 144 108 155
107 144 107 155
106 144 106 155
105 144 105 155
104 144 104 155
103 144 103 155
102 144 102 155
98 153 101 155
98 150 101 152
98 147 101 149
98 144 101 146
97 144 97 155
96 144 96 155
95 144 95 155
94 144 94 155
93 144 93 155
92 144 92 155
90 150 91 155
90 144 91 149
89 144 89 155
88 144 88 155
86 150 87 155
86 144 87 149
85 144 85 155
84 144 84 155
83 144 83 155
82 144 82 155
80 150 81 155
80 144 81 149
78 150 79 155
78 144 79 149
74 153 77 155
74 150 77 152
74 147 77 149
74 144 77 146
73 144 73 155
71 150 72 155
71 144 72 149
70 144 70 155
69 144 69 155
68 144 68 155
67 144 67 155
66 144 66 155
65 144 65 155
64 144 64 155
63 144 63 155
62 144 62 155
61 144 61 155
60 144 60 155
59 144 59 155
58 144 58 155
57 144 57 155
56 144 56 155
55 144 55 155
54 144 54 155
53 144 53 155
52 144 52 155
51 144 51 155
48 152 50 155
48 148 50 151
48 144 50 147
47 144 47 155
46 144 46 155
44 150 45 155
44 144 45 149
43 144 43 155
42 144 42 155
41 144 41 155
40 144 40 155
39 144 39 155
38 144 38 155
37 144 37 155
36 144 36 155
35 144 35 155
34 144 34 155
33 144 33 155
32 144 32 155
31 144 31 155
30 144 30 155
29 144 29 155
25 153 28 155
25 150 28 152
25 147 28 149
25 144 28 146
24 144 24 155
23 144 23 155
22 144 22 155
21 144 21 155
17 153 20 155
17 150 20 152
17 147 20 149
17 144 20 146
16 144 16 155
15 144 15 155
14 144 14 155
12 150 13 155
12 144 13 149
11 144 11 155
10 144 10 155
9 144 9 155
8 144 8 155
7 144 7 155
6 144 6 155
5 144 5 155
4 144 4 155
3 144 3 155
2 144 2 155
1 144 1 155
0 144 0 155
199 156 199 167
198 156 198 167
197 156 197 167
196 156 196 167
195 156 195 167
194 156 194 167
193 156 193 167
190 164 192 167
190 160 192 163
190 156 192 159
189 156 189 167
188 156 188 167
187 156 187 167
186 156 186 167
185 156 185 167
184 156 184 167
183 156 183 167
182 156 182 167
181 156 181 167
180 156 180 167
179 156 179 167
177 162 178 167
177 156 178 161
176 156 176 167
175 156 175 167
174 156 174 167
172 162 173 167
172 156 173 161
171 156 171 167
170 156 170 167
169 156 169 167
168 156 168 167
167 156 167 167
166 156 166 167
164 162 165 167
164 156 165 161
163 156 163 167
162 156 162 167
150 167 161 167
150 166 161 166
150 165 161 165
150 164 161 164
150 163 161 163
150 162 161 162
150 161 161 161
150 160 161 160
150 159 161 159
150 158 161 158
150 157 161 157
150 156 161 156
149 156 149 167
147 162 148 167
147 156 148 161
146 156 146 167
143 165 145 167
143 161 145 164
143 157 145 160
142 156 142 167
141 156 141 167
140 156 140 167
139 156 139 167
138 156 138 167
137 156 137 167
136 156 136 167
135 156 135 167
134 156 134 167
133 156 133 167
131 162 132 167
131 156 132 161
130 156 130 167
129 156 129 167
128 156 128 167
127 156 127 167
126 156 126 167
125 156 125 167
124 156 124 167
123 156 123 167
122 156 122 167
121 156 121 167
119 162 120 167
119 156 120 161
118 156 118 167
117 156 117 167
116 156 116 167
115 156 115 167
114 156 114 167
112 162 113 167
112 156 113 161
110 162 111 167
110 156 111 161
109 156 109 167
103 166 108 167
103 164 108 165
103 162 108 163
103 160 108 161
103 158 108 159
103 156 108 157
102 156 102 167
101 156 101 167
100 156 100 167
99 156 99 167
98 156 98 167
97 156 97 167
96 156 96 167
94 162 95 167
94 156 95 161
93 156 93 167
92 156 92 167
90 162 91 167
90 156 91 161
89 156 89 167
87 162 88 167
87 156 88 161
83 165 86 167
83 162 86 164
83 159 86 161
83 156 86 158
82 156 82 167
81 156 81 167
77 165 80 167
77 162 80 164
77 159 80 161
77 156 80 158
76 156 76 167
75 156 75 167
74 156 74 167
62 167 73 167
62 166 73 166
62 165 73 165
62 164 73 164
62 163 73 163
62 162 73 162
62 161 73 161
62 160 73 160
62 159 73 159
62 158 73 158
62 157 73 157
62 156 73 156
61 156 61 167
60 156 60 167
58 162 59 167
58 156 59 161
57 156 57 167
56 156 56 167
55 156 55 167
54 156 54 167
48 166 53 167
48 164 53 165
48 162 53 163
48 160 53 161
48 158 53 159
48 156 53 157
47 156 47 167
45 162 46 167
45 156 46 161
44 156 44 167
43 156 43 167
42 156 42 167
41 156 41 167
40 156 40 167
39 156 39 167
38 156 38 167
37 156 37 167
36 156 36 167
35 156 35 167
34 156 34 167
33 156 33 167
32 156 32 167
31 156 31 167
30 156 30 167
29 156 29 167
28 156 28 167
27 156 27 167
26 156 26 167
25 156 25 167
24 156 24 167
23 156 23 167
22 156 22 167
21 156 21 167
20 156 20 167
19 156 19 167
18 156 18 167
17 156 17 167
16 156 16 167
13 164 15 167
13 160 15 163
13 156 15 159
12 156 12 167
9 164 11 167
9 160 11 163
9 156 11 159
8 156 8 167
7 156 7 167
6 156 6 167
5 156 5 167
4 156 4 167
3 156 3 167
2 156 2 167
1 156 1 167
0 156 0 167
199 168 199 179
198 168 198 179
197 168 197 179
196 168 196 179
195 168 195 179
194 168 194 179
193 168 193 179
192 168 192 179
191 168 191 179
190 168 190 179
189 168 189 179
188 168 188 179
187 168 187 179
186 168 186 179
185 168 185 179
184 168 184 179
183 168 183 179
180 176 182 179
180 172 182 175
180 168 182 171
179 168 179 179
178 168 178 179
177 168 177 179
176 168 176 179
175 168 175 179
174 168 174 179
172 174 173 179
172 168 173 173
171 168 171 179
170 168 170 179
169 168 169 179
168 168 168 179
167 168 167 179
166 168 166 179
165 168 165 179
164 168 164 179
158 178 163 179
158 176 163 177
158 174 163 175
158 172 163 173
158 170 163 171
158 168 163 169
157 168 157 179
156 168 156 179
155 168 155 179
154 168 154 179
153 168 153 179
149 178 152 179
149 175 152 177
149 172 152 174
149 170 152 171
149 168 152 169
148 168 148 179
147 168 147 179
146 168 146 179
145 168 145 179
143 174 144 179
143 168 144 173
142 168 142 179
141 168 141 179
140 168 140 179
139 168 139 179
138 168 138 179
137 168 137 179
136 168 136 179
135 168 135 179
132 176 134 179
132 172 134 175
132 168 134 171
131 168 131 179
129 174 130 179
129 168 130 173
128 168 128 179
127 168 127 179
125 174 126 179
125 168 126 173
123 174 124 179
123 168 124 173
122 168 122 179
121 168 121 179
120 168 120 179
117 176 119 179
117 172 119 175
117 168 119 171
113 177 116 179
113 174 116 176
113 171 116 173
113 168 116 170
112 168 112 179
110 168 110 179
106 177 109 179
106 174 109 176
106 171 109 173
106 168 109 170
105 168 105 179
103 174 104 179
103 168 104 173
102 168 102 179
101 168 101 179
100 168 100 179
99 168 99 179
98 168 98 179
97 168 97 179
96 168 96 179
95 168 95 179
94 168 94 179
93 168 93 179
92 168 92 179
91 168 91 179
90 168 90 179
89 168 89 179
88 168 88 179
87 168 87 179
84 176 86 179
84 172 86 175
84 168 86 171
83 168 83 179
82 168 82 179
81 168 81 179
80 168 80 179
79 168 79 179
78 168 78 179
77 168 77 179
75 174 76 179
75 168 76 173
74 168 74 179
73 168 73 179
72 168 72 179
71 168 71 179
70 168 70 179
69 168 69 179
68 168 68 179
67 168 67 179
66 168 66 179
65 168 65 179
63 174 64 179
63 168 64 173
58 178 62 179
58 176 62 177
58 174 62 175
58 172 62 173
58 170 62 171
58 168 62 169
57 168 57 179
56 168 56 179
55 168 55 179
54 168 54 179
53 168 53 179
52 168 52 179
51 168 51 179
50 168 50 179
49 168 49 179
48 168 48 179
47 168 47 179
46 168 46 179
45 168 45 179
44 168 44 179
43 168 43 179
42 168 42 179
41 168 41 179
40 168 40 179
39 168 39 179
36 176 38 179
36 172 38 175
36 168 38 171
35 168 35 179
34 168 34 179
33 168 33 179
32 168 32 179
31 168 31 179
30 168 30 179
29 168 29 179
28 168 28 179
27 168 27 179
24 176 26 179
24 172 26 175
24 168 26 171
23 168 23 179
22 168 22 179
21 168 21 179
20 168 20 179
19 168 19 179
18 168 18 179
17 168 17 179
16 168 16 179
15 168 15 179
14 168 14 179
13 168 13 179
12 168 12 179
11 168 11 179
10 168 10 179
9 168 9 179
8 168 8 179
7 168 7 179
6 168 6 179
5 168 5 179
3 176 4 179
3 172 4 175
3 168 4 171
2 168 2 179
1 168 1 179
0 168 0 179
197 188 199 191
197 184 199 187
197 180 199 183
195 186 196 191
195 180 196 185
194 180 194 191
191 188 193 191
191 184 193 187
191 180 193 183
190 180 190 191
189 180 189 191
188 180 188 191
186 186 187 191
186 180 187 185
185 180 185 191
184 180 184 191
183 180 183 191
182 180 182 191
181 180 181 191
180 180 180 191
179 180 179 191
178 180 178 191
175 188 177 191
175 184 177 187
175 180 177 183
174 180 174 191
171 188 173 191
171 184 173 187
171 180 173 183
170 180 170 191
169 180 169 191
168 180 168 191
167 180 167 191
166 180 166 191
164 186 165 191
164 180 165 185
163 180 163 191
162 180 162 191
160 186 161 191
160 180 161 185
158 186 159 191
158 180 159 185
157 180 157 191
156 180 156 191
155 180 155 191
154 180 154 191
153 180 153 191
152 180 152 191
151 180 151 191
148 188 150 191
148 184 150 187
148 180 150 183
147 180 147 191
146 180 146 191
145 180 145 191
144 180 144 191
143 180 143 191
140 188 142 191
140 184 142 187
140 180 142 183
139 180 139 191
138 180 138 191
137 180 137 191
136 180 136 191
135 180 135 191
133 186 134 191
133 180 134 185
132 180 132 191
131 180 131 191
130 180 130 191
129 180 129 191
128 180 128 191
127 180 127 191
126 180 126 191
125 180 125 191
124 180 124 191
123 180 123 191
122 180 122 191
120 186 121 191
120 180 121 185
119 180 119 191
118 180 118 191
117 180 117 191
116 180 116 191
115 180 115 191
114 180 114 191
113 180 113 191
112 180 112 191
111 180 111 191
110 180 110 191
109 180 109 191
108 180 108 191
107 180 107 191
106 180 106 191
105 180 105 191
104 180 104 191
102 186 103 191
102 180 103 185
99 188 101 191
99 184 101 187
99 180 101 183
98 180 98 191
94 189 97 191
94 186 97 188
94 183 97 185
94 180 97 182
90 189 93 191
90 186 93 188
90 183 93 185
90 180 93 182
89 180 89 191
88 180 88 191
87 180 87 191
86 180 86 191
85 180 85 191
84 180 84 191
83 180 83 191
82 180 82 191
81 180 81 191
80 180 80 191
79 180 79 191
78 180 78 191
77 180 77 191
74 188 76 191
74 184 76 187
74 180 76 183
73 180 73 191
72 180 72 191
71 180 71 191
70 180 70 191
69 180 69 191
68 180 68 191
66 186 67 191
66 180 67 185
65 180 65 191
63 186 64 191
63 180 64 185
62 180 62 191
61 180 61 191
57 189 60 191
57 186 60 188
57 183 60 185
57 180 60 182
56 180 56 191
55 180 55 191
54 180 54 191
53 180 53 191
51 186 52 191
51 180 52 185
50 180 50 191
48 186 49 191
48 180 49 185
47 180 47 191
46 180 46 191
45 180 45 191
44 180 44 191
43 180 43 191
42 180 42 191
41 180 41 191
40 180 40 191
39 180 39 191
38 180 38 191
36 186 37 191
36 180 37 185
24 191 35 191
24 190 35 190
24 189 35 189
24 188 35 188
24 187 35 187
24 186 35 186
24 185 35 185
24 184 35 184
24 183 35 183
24 182 35 182
24 181 35 181
24 180 35 180
23 180 23 191
22 180 22 191
21 180 21 191
20 180 20 191
19 180 19 191
18 180 18 191
17 180 17 191
16 180 16 191
15 180 15 191
14 180 14 191
13 180 13 191
12 180 12 191
11 180 11 191
10 180 10 191
9 180 9 191
8 180 8 191
7 180 7 191
6 180 6 191
5 180 5 191
4 180 4 191
3 180 3 191
2 180 2 191
1 180 1 191
0 180 0 191
199 192 199 203
198 192 198 203
197 192 197 203
195 198 196 203
195 192 196 197
194 192 194 203
193 192 193 203
192 192 192 203
191 192 191 203
190 192 190 203
187 200 189 203
187 196 189 199
187 192 189 195
186 192 186 203
185 192 185 203
184 192 184 203
183 192 183 203
180 200 182 203
180 196 182 199
180 192 182 195
179 192 179 203
178 192 178 203
172 202 177 203
172 200 177 201
172 198 177 199
172 196 177 197
172 194 177 195
172 192 177 193
171 192 171 203
170 192 170 203
169 192 169 203
168 192 168 203
167 192 167 203
166 192 166 203
165 192 165 203
164 192 164 203
163 192 163 203
162 192 162 203
161 192 161 203
160 192 160 203
159 192 159 203
158 192 158 203
156 198 157 203
156 192 157 197
155 192 155 203
154 192 154 203
153 192 153 203
152 192 152 203
151 192 151 203
150 192 150 203
149 192 149 203
148 192 148 203
147 192 147 203
146 192 146 203
145 192 145 203
143 198 144 203
143 192 144 197
142 192 142 203
141 192 141 203
138 200 140 203
138 196 140 199
138 192 140 195
137 192 137 203
136 192 136 203
135 192 135 203
134 192 134 203
133 192 133 203
132 192 132 203
131 192 131 203
130 192 130 203
129 192 129 203
128 192 128 203
125 200 127 203
125 196 127 199
125 192 127 195
124 192 124 203
123 192 123 203
122 192 122 203
121 192 121 203
120 192 120 203
119 192 119 203
118 192 118 203
117 192 117 203
116 192 116 203
114 198 115 203
114 192 115 197
111 200 113 203
111 196 113 199
111 192 113 195
110 192 110 203
108 198 109 203
108 192 109 197
107 192 107 203
106 192 106 203
104 198 105 203
104 192 105 197
102 198 103 203
102 192 103 197
101 192 101 203
100 192 100 203
97 200 99 203
97 196 99 199
97 192 99 195
95 198 96 203
95 192 96 197
94 192 94 203
93 192 93 203
92 192 92 203
91 192 91 203
90 192 90 203
89 192 89 203
88 192 88 203
87 192 87 203
86 192 86 203
85 192 85 203
82 200 84 203
82 196 84 199
82 192 84 195
81 192 81 203
80 192 80 203
78 192 78 203
77 192 77 203
76 192 76 203
75 192 75 203
74 192 74 203
73 192 73 203
72 192 72 203
71 192 71 203
70 192 70 203
69 192 69 203
68 192 68 203
67 192 67 203
65 192 65 203
64 192 64 203
62 198 63 203
62 192 63 197
61 192 61 203
60 192 60 203
59 192 59 203
58 192 58 203
57 192 57 203
54 200 56 203
54 196 56 199
54 192 56 195
53 192 53 203
49 201 52 203
49 198 52 200
49 195 52 197
49 192 52 194
48 192 48 203
47 192 47 203
46 192 46 203
45 192 45 203
44 192 44 203
43 192 43 203
42 192 42 203
41 192 41 203
40 192 40 203
39 192 39 203
38 192 38 203
37 192 37 203
33 201 36 203
33 198 36 200
33 195 36 197
33 192 36 194
32 192 32 203
31 192 31 203
30 192 30 203
29 192 29 203
28 192 28 203
27 192 27 203
26 192 26 203
14 203 25 203
14 202 25 202
14 201 25 201
14 200 25 200
14 199 25 199
14 198 25 198
14 197 25 197
14 196 25 196
14 195 25 195
14 194 25 194
14 193 25 193
14 192 25 192
13 192 13 203
12 192 12 203
1 203 11 203
1 202 11 202
1 201 11 201
1 200 11 200
1 199 11 199
1 198 11 198
1 197 11 197
1 196 11 196
1 195 11 195
1 194 11 194
1 193 11 193
1 192 11 192
0 192 0 203
199 204 199 215
198 204 198 215
197 204 197 215
195 210 196 215
195 204 196 209
194 204 194 215
193 204 193 215
192 204 192 215
191 204 191 215
190 204 190 215
187 212 189 215
187 208 189 211
187 204 189 207
186 204 186 215
185 204 185 215
184 204 184 215
183 204 183 215
182 204 182 215
181 204 181 215
179 210 180 215
179 204 180 209
177 210 178 215
177 204 178 209
176 204 176 215
175 204 175 215
174 204 174 215
173 204 173 215
172 204 172 215
170 210 171 215
170 204 171 209
169 204 169 215
168 204 168 215
167 204 167 215
166 204 166 215
165 204 165 215
164 204 164 215
163 204 163 215
162 204 162 215
161 204 161 215
160 204 160 215
159 204 159 215
158 204 158 215
157 204 157 215
156 204 156 215
155 204 155 215
154 204 154 215
153 204 153 215
152 204 152 215
151 204 151 215
150 204 150 215
149 204 149 215
148 204 148 215
147 204 147 215
146 204 146 215
144 210 145 215
144 204 145 209
143 204 143 215
142 204 142 215
141 204 141 215
140 204 140 215
139 204 139 215
138 204 138 215
137 204 137 215
136 204 136 215
135 204 135 215
134 204 134 215
133 204 133 215
132 204 132 215
131 204 131 215
130 204 130 215
129 204 129 215
128 204 128 215
127 204 127 215
126 204 126 215
125 204 125 215
113 215 124 215
113 214 124 214
113 213 124 213
113 212 124 212
113 211 124 211
113 210 124 210
113 209 124 209
113 208 124 208
113 207 124 207
113 206 124 206
113 205 124 205
113 204 124 204
112 204 112 215
111 204 111 215
110 204 110 215
107 212 109 215
107 208 109 211
107 204 109 207
105 210 106 215
105 204 106 209
103 210 104 215
103 204 104 209
102 204 102 215
101 204 101 215
98 212 100 215
98 208 100 211
98 204 100 207
97 204 97 215
96 204 96 215
95 204 95 215
94 204 94 215
93 204 93 215
92 204 92 215
91 204 91 215
90 204 90 215
88 210 89 215
88 204 89 209
87 204 87 215
86 204 86 215
85 204 85 215
84 204 84 215
83 204 83 215
82 204 82 215
80 210 81 215
80 204 81 209
79 204 79 215
78 204 78 215
77 204 77 215
76 204 76 215
75 204 75 215
74 204 74 215
73 204 73 215
72 204 72 215
70 210 71 215
70 204 71 209
69 204 69 215
68 204 68 215
67 204 67 215
66 204 66 215
65 204 65 215
63 210 64 215
63 204 64 209
62 204 62 215
61 204 61 215
60 204 60 215
58 210 59 215
58 204 59 209
57 204 57 215
56 204 56 215
55 204 55 215
54 204 54 215
53 204 53 215
52 204 52 215
51 204 51 215
50 204 50 215
49 204 49 215
48 204 48 215
47 204 47 215
46 204 46 215
45 204 45 215
44 204 44 215
43 204 43 215
42 204 42 215
41 204 41 215
29 215 40 215
29 214 40 214
29 213 40 213
29 212 40 212
29 211 40 211
29 210 40 210
29 209 40 209
29 208 40 208
29 207 40 207
29 206 40 206
29 205 40 205
29 204 40 204
28 204 28 215
27 204 27 215
26 204 26 215
25 204 25 215
24 204 24 215
23 204 23 215
22 204 22 215
21 204 21 215
20 204 20 215
19 204 19 215
18 204 18 215
17 204 17 215
16 204 16 215
15 204 15 215
14 204 14 215
13 204 13 215
12 204 12 215
11 204 11 215
10 204 10 215
9 204 9 215
8 204 8 215
7 204 7 215
6 204 6 215
5 204 5 215
4 204 4 215
3 204 3 215
2 204 2 215
1 204 1 215
0 204 0 215
199 216 199 227
198 216 198 227
197 216 197 227
196 216 196 227
195 216 195 227
193 222 194 227
193 216 194 221
192 216 192 227
191 216 191 227
190 216 190 227
189 216 189 227
188 216 188 227
187 216 187 227
185 216 185 227
184 216 184 227
183 216 183 227
182 216 182 227
181 216 181 227
180 216 180 227
179 216 179 227
178 216 178 227
177 216 177 227
176 216 176 227
175 216 175 227
174 216 174 227
170 226 173 227
170 224 173 225
170 221 173 223
170 218 173 220
170 216 173 217
169 216 169 227
168 216 168 227
167 216 167 227
166 216 166 227
165 216 165 227
164 216 164 227
163 216 163 227
162 216 162 227
160 222 161 227
160 216 161 221
157 224 159 227
157 220 159 223
157 216 159 219
156 216 156 227
155 216 155 227
154 216 154 227
153 216 153 227
152 216 152 227
151 216 151 227
150 216 150 227
149 216 149 227
148 216 148 227
145 224 147 227
145 220 147 223
145 216 147 219
144 216 144 227
143 216 143 227
142 216 142 227
141 216 141 227
140 216 140 227
137 224 139 227
137 220 139 223
137 216 139 219
136 216 136 227
135 216 135 227
134 216 134 227
133 216 133 227
132 216 132 227
131 216 131 227
130 216 130 227
129 216 129 227
128 216 128 227
127 216 127 227
126 216 126 227
125 216 125 227
124 216 124 227
123 216 123 227
122 216 122 227
121 216 121 227
120 216 120 227
119 216 119 227
118 216 118 227
117 216 117 227
116 216 116 227
115 216 115 227
114 216 114 227
113 216 113 227
112 216 112 227
111 216 111 227
110 216 110 227
108 222 109 227
108 216 109 221
107 216 107 227
106 216 106 227
105 216 105 227
104 216 104 227
103 216 103 227
101 222 102 227
101 216 102 221
100 216 100 227
99 216 99 227
98 216 98 227
97 216 97 227
96 216 96 227
93 224 95 227
93 220 95 223
93 216 95 219
91 222 92 227
91 216 92 221
85 226 90 227
85 224 90 225
85 222 90 223
85 220 90 221
85 218 90 219
85 216 90 217
84 216 84 227
83 216 83 227
82 216 82 227
81 216 81 227
79 222 80 227
79 216 80 221
78 216 78 227
77 216 77 227
76 216 76 227
74 222 75 227
74 216 75 221
73 216 73 227
72 216 72 227
69 224 71 227
69 220 71 223
69 216 71 219
68 216 68 227
67 216 67 227
66 216 66 227
64 222 65 227
64 216 65 221
63 216 63 227
62 216 62 227
59 224 61 227
59 220 61 223
59 216 61 219
58 216 58 227
56 222 57 227
56 216 57 221
55 216 55 227
53 222 54 227
53 216 54 221
52 216 52 227
51 216 51 227
50 216 50 227
49 216 49 227
48 216 48 227
47 216 47 227
46 216 46 227
45 216 45 227
44 216 44 227
42 222 43 227
42 216 43 221
41 216 41 227
40 216 40 227
39 216 39 227
38 216 38 227
37 216 37 227
35 222 36 227
35 216 36 221
34 216 34 227
33 216 33 227
32 216 32 227
31 216 31 227
30 216 30 227
29 216 29 227
28 216 28 227
27 216 27 227
26 216 26 227
22 225 25 227
22 222 25 224
22 219 25 221
22 216 25 218
21 216 21 227
20 216 20 227
19 216 19 227
18 216 18 227
17 216 17 227
14 224 16 227
14 220 16 223
14 216 16 219
13 216 13 227
12 216 12 227
0 227 11 227
0 226 11 226
0 225 11 225
0 224 11 224
0 223 11 223
0 222 11 222
0 221 11 221
0 220 11 220
0 219 11 219
0 218 11 218
0 217 11 217
0 216 11 216
199 228 199 239
198 228 198 239
197 228 197 239
196 228 196 239
195 228 195 239
194 228 194 239
193 228 193 239
192 228 192 239
191 228 191 239
189 234 190 239
189 228 190 233
188 228 188 239
187 228 187 239
186 228 186 239
185 228 185 239
184 228 184 239
183 228 183 239
181 234 182 239
181 228 182 233
180 228 180 239
179 228 179 239
178 228 178 239
177 228 177 239
176 228 176 239
175 228 175 239
169 238 174 239
169 236 174 237
169 234 174 235
169 232 174 233
169 230 174 231
169 228 174 229
168 228 168 239
167 228 167 239
165 234 166 239
165 228 166 233
164 228 164 239
163 228 163 239
161 234 162 239
161 228 162 233
159 234 160 239
159 228 160 233
158 228 158 239
152 238 157 239
152 236 157 237
152 234 157 235
152 232 157 233
152 230 157 231
152 228 157 229
151 228 151 239
149 234 150 239
149 228 150 233
148 228 148 239
147 228 147 239
146 228 146 239
144 234 145 239
144 228 145 233
141 236 143 239
141 232 143 235
141 228 143 231
140 228 140 239
139 228 139 239
138 228 138 239
137 228 137 239
135 234 136 239
135 228 136 233
132 236 134 239
132 232 134 235
132 228 134 231
130 234 131 239
130 228 131 233
129 228 129 239
127 234 128 239
127 228 128 233
124 236 126 239
124 232 126 235
124 228 126 231
123 228 123 239
121 234 122 239
121 228 122 233
120 228 120 239
119 228 119 239
117 234 118 239
117 228 118 233
116 228 116 239
115 228 115 239
113 234 114 239
113 228 114 233
112 228 112 239
111 228 111 239
109 234 110 239
109 228 110 233
107 234 108 239
107 228 108 233
106 228 106 239
105 228 105 239
104 228 104 239
103 228 103 239
102 228 102 239
101 228 101 239
100 228 100 239
98 234 99 239
98 228 99 233
97 228 97 239
96 228 96 239
95 228 95 239
94 228 94 239
82 239 93 239
82 238 93 238
82 237 93 237
82 236 93 236
82 235 93 235
82 234 93 234
82 233 93 233
82 232 93 232
82 231 93 231
82 230 93 230
82 229 93 229
82 228 93 228
79 236 81 239
79 232 81 235
79 228 81 231
78 228 78 239
77 228 77 239
76 228 76 239
75 228 75 239
74 228 74 239
73 228 73 239
72 228 72 239
69 234 70 239
69 228 70 233
67 234 68 239
67 228 68 233
66 228 66 239
65 228 65 239
62 236 64 239
62 232 64 235
62 228 64 231
59 236 61 239
59 232 61 235
59 228 61 231
58 228 58 239
57 228 57 239
55 234 56 239
55 228 56 233
54 228 54 239
52 234 53 239
52 228 53 233
51 228 51 239
50 228 50 239
49 228 49 239
48 228 48 239
47 228 47 239
46 228 46 239
45 228 45 239
42 236 44 239
42 232 44 235
42 228 44 231
41 228 41 239
40 228 40 239
39 228 39 239
38 228 38 239
37 228 37 239
36 228 36 239
35 228 35 239
34 228 34 239
33 228 33 239
32 228 32 239
31 228 31 239
30 228 30 239
29 228 29 239
28 228 28 239
27 228 27 239
26 228 26 239
25 228 25 239
24 228 24 239
23 228 23 239
22 228 22 239
21 228 21 239
20 228 20 239
19 228 19 239
18 228 18 239
17 228 17 239
13 237 16 239
13 234 16 236
13 231 16 233
13 228 16 230
12 228 12 239
11 228 11 239
10 228 10 239
8 234 9 239
8 228 9 233
7 228 7 239
6 228 6 239
5 228 5 239
4 228 4 239
3 228 3 239
2 228 2 239
1 228 1 239
0 228 0 239
198 244 199 249
198 240 199 243
197 240 197 249
194 247 196 249
194 244 196 246
194 240 196 243
193 240 193 249
188 248 192 249
188 246 192 247
188 244 192 245
188 242 192 243
188 240 192 241
187 240 187 249
186 240 186 249
185 240 185 249
184 240 184 249
183 240 183 249
182 240 182 249
181 240 181 249
180 240 180 249
179 240 179 249
178 240 178 249
177 240 177 249
176 240 176 249
175 240 175 249
174 240 174 249
173 240 173 249
162 249 172 249
162 248 172 248
162 247 172 247
162 246 172 246
162 245 172 245
162 244 172 244
162 243 172 243
162 242 172 242
162 241 172 241
162 240 172 240
160 245 161 249
160 240 161 244
159 240 159 249
158 240 158 249
157 240 157 249
156 240 156 249
150 248 155 249
150 246 155 247
150 244 155 245
150 242 155 243
150 240 155 241
149 240 149 249
148 240 148 249
144 247 147 249
144 244 147 246
144 241 147 243
143 240 143 249
142 240 142 249
141 240 141 249
140 240 140 249
138 244 139 249
138 240 139 243
132 248 137 249
132 246 137 247
132 244 137 245
132 242 137 243
132 240 137 241
129 246 131 249
129 243 131 245
129 240 131 242
128 240 128 249
127 240 127 249
126 240 126 249
114 249 125 249
114 248 125 248
114 247 125 247
114 246 125 246
114 245 125 245
114 244 125 244
114 243 125 243
114 242 125 242
114 241 125 241
114 240 125 240
112 244 113 249
112 240 113 243
109 246 111 249
109 243 111 245
109 240 111 242
108 240 108 249
107 240 107 249
106 240 106 249
105 240 105 249
104 240 104 249
103 240 103 249
102 240 102 249
101 240 101 249
100 240 100 249
99 240 99 249
98 240 98 249
96 246 97 249
96 240 97 245
93 247 95 249
93 244 95 246
93 240 95 243
91 245 92 249
91 240 92 244
89 246 90 249
89 240 90 245
88 240 88 249
87 240 87 249
86 240 86 249
85 240 85 249
84 240 84 249
83 240 83 249
81 246 82 249
81 240 82 245
80 240 80 249
79 240 79 249
77 245 78 249
77 240 78 244
76 240 76 249
72 248 75 249
72 246 75 247
72 243 75 245
72 240 75 242
70 245 71 249
70 240 71 244
69 240 69 249
67 246 68 249
67 240 68 245
66 240 66 249
65 240 65 249
64 240 64 249
63 240 63 249
61 244 62 249
61 240 62 243
60 240 60 249
58 245 59 249
58 240 59 244
57 240 57 249
56 240 56 249
55 240 55 249
53 245 54 249
53 240 54 244
51 245 52 249
51 240 52 244
49 246 50 249
49 240 50 245
43 248 48 249
43 246 48 247
43 244 48 245
43 242 48 243
43 240 48 241
41 246 42 249
41 240 42 245
40 240 40 249
39 240 39 249
38 240 38 249
35 246 37 249
35 243 37 245
35 240 37 242
34 240 34 249
32 245 33 249
32 240 33 244
31 240 31 249
30 240 30 249
29 240 29 249
27 246 28 249
27 240 28 245
25 245 26 249
25 240 26 244
24 240 24 249
23 240 23 249
22 240 22 249
20 245 21 249
20 240 21 244
19 240 19 249
18 240 18 249
16 246 17 249
16 240 17 245
15 240 15 249
13 245 14 249
13 240 14 244
7 248 12 249
7 246 12 247
7 244 12 245
7 242 12 243
7 240 12 241
6 240 6 249
0 248 5 249
0 246 5 247
0 244 5 245
0 242 5 243
0 240 5 241
